(1, 6, 60)	 0.22010869565217392
(7, 10, 17, 41)	 0.25
(105, 153)	 0.17375231053604437
(36, 41, 55)	 0.27378190255220414
(20, 51)	 0.10972568578553617
(52, 59, 66, 67)	 0.34592445328031807
(18, 28, 67)	 0.1830065359477124
(12,)	 0.3698630136986301
(12, 20, 27, 47, 48)	 0.19327731092436976
(26, 78, 101)	 0.28571428571428575
(22, 79, 80)	 0.3615819209039548
(4, 24, 25, 26, 27)	 0.4965831435079726
(36, 104, 106)	 0.25133689839572193
(4, 6, 92)	 0.3474903474903475
(4, 5)	 0.2590673575129534
(16, 46, 67)	 0.25617977528089886
(1, 30, 37, 78)	 0.23809523809523808
(2, 50, 52)	 0.2995169082125604
(50, 71)	 0.1554524361948956
(103, 137)	 0.14390842191332787
(14, 16, 45, 47)	 0.2490566037735849
(2, 39, 40, 43)	 0.34782608695652173
(1, 16, 21, 30, 43)	 0.1515151515151515
(1, 33, 67)	 0.2831858407079646
(27, 101)	 0.13824057450628363
(96, 99, 100)	 0.3769230769230769
(66, 76, 90)	 0.25813692480359146
(54, 98, 102)	 0.26530612244897955
(9, 48, 55, 84, 85)	 0.1426086956521739
(6, 8, 55)	 0.15120274914089346
(58, 63, 94)	 0.15727391874180865
(47, 60, 71)	 0.34437086092715224
(16, 63)	 0.18545454545454543
(94, 100, 106)	 0.2990291262135922
(45, 46, 47, 49)	 0.3849056603773585
(46, 58, 122)	 0.22520107238605896
(14, 30, 31, 47)	 0.5515320334261837
(24, 27)	 0.15850815850815853
(7, 14)	 0.41825095057034223
(1, 5)	 0.125
(115, 127)	 0.11650485436893204
(9, 36, 37)	 0.23142857142857143
(119, 120, 122)	 0.3848238482384823
(56, 93)	 0.15004935834155975
(2, 6, 9, 20, 28)	 0.3901345291479821
(36, 50)	 0.10816777041942605
(1, 7, 14, 15, 21)	 0.2894736842105263
(19, 36, 58)	 0.2684563758389261
(23, 46, 56)	 0.24761904761904763
(1, 6, 23, 34, 41)	 0.391304347826087
(34, 84, 85)	 0.35789473684210527
(20, 24, 101)	 0.16484848484848483
(8, 12, 14, 15, 16)	 0.1793103448275862
(1, 43, 46, 48, 49)	 0.3372093023255814
(52, 77, 94)	 0.2929133858267717
(40, 41, 44, 47)	 0.44315992292870915
(32, 53, 94)	 0.10414452709883104
(13, 43, 74)	 0.3079922027290449
(36, 69, 70)	 0.2880886426592798
(1, 49, 86)	 0.15451895043731778
(9, 16, 49, 57)	 0.35911602209944754
(33, 41, 52)	 0.3442211055276382
(40, 41, 58)	 0.39933444259567386
(1, 36, 79)	 0.3150984682713348
(6, 162)	 0.19858156028368792
(41, 108)	 0.10953346855983773
(25, 65, 78)	 0.30434782608695654
(2, 5, 66)	 0.23648648648648649
(12, 111, 144)	 0.20036429872495445
(1, 64, 65, 67)	 0.3428571428571428
(1, 34, 35)	 0.2643171806167401
(42, 56, 73)	 0.2068027210884354
(1, 12, 35, 38)	 0.5107526881720431
(63, 89)	 0.1362916006339144
(89, 98)	 0.05333333333333333
(40, 43, 53, 57)	 0.3605150214592275
(24, 178)	 0.15952732644017725
(15, 24, 56)	 0.3972911963882619
(6, 23, 69)	 0.22222222222222224
(104, 115)	 0.13684210526315788
(12, 45, 46, 48, 49)	 0.3149284253578732
(1, 12, 13, 16, 31)	 0.174573055028463
(17, 49, 65)	 0.1646341463414634
(1, 5, 41)	 0.24832214765100674
(65, 90, 98)	 0.3026874115983027
(1, 4, 7, 30, 32)	 0.3225806451612903
(8, 12, 14, 84)	 0.40624999999999994
(37, 83)	 0.10984308131241083
(6, 18, 19, 20, 29)	 0.2644230769230769
(1, 23, 84)	 0.20108695652173914
(16, 32, 98)	 0.12451361867704279
(53, 115, 117)	 0.21910112359550563
(14, 48, 58)	 0.18331053351573187
(63, 83)	 0.29999999999999993
(5, 29, 42, 44)	 0.2423263327948304
(1, 5, 44)	 0.35692307692307695
(19, 22, 26)	 0.22107438016528927
(6, 11, 27, 28)	 0.16252821670428896
(1, 3, 4, 7, 35)	 0.26768642447418745
(45, 49, 78)	 0.27899159663865547
(36, 38, 61)	 0.4417910447761194
(19, 66, 115)	 0.31210191082802546
(33, 38, 59)	 0.46376811594202894
(1, 7, 8, 12, 13)	 0.2509225092250922
(1, 92, 95)	 0.3829787234042553
(9, 69, 107)	 0.16822429906542055
(159, 186)	 0.20600858369098712
(19, 20, 24, 25, 31)	 0.22950819672131145
(1, 7, 10, 64)	 0.39520958083832336
(46, 48, 51)	 0.28455284552845533
(111, 123)	 0.1722689075630252
(8, 47, 49)	 0.33944954128440363
(18, 124, 126)	 0.37090909090909085
(163, 164)	 0.11450381679389311
(2, 140)	 0.28750000000000003
(24, 29, 66)	 0.31355932203389836
(2, 3, 9)	 0.3442622950819672
(35, 41, 50)	 0.3885350318471337
(1, 50, 65)	 0.3438395415472779
(71, 73, 94)	 0.23237597911227156
(66, 88, 95)	 0.2503401360544218
(21, 74, 75)	 0.19709543568464732
(12, 20, 33, 45)	 0.34220532319391633
(75, 92)	 0.1803921568627451
(39, 46, 56)	 0.12650602409638553
(43, 60, 72)	 0.12352941176470586
(57, 88, 109)	 0.18794326241134754
(3, 6, 80)	 0.15486307837582625
(38, 40, 73)	 0.15730337078651685
(2, 5, 8, 9)	 0.21768707482993196
(6, 23, 37, 47)	 0.2641509433962264
(68, 101)	 0.21104536489151873
(60, 68, 70, 71)	 0.4376899696048632
(58, 63, 69)	 0.34782608695652173
(13, 51, 67, 69)	 0.26842105263157895
(23, 24, 26, 33)	 0.3685503685503685
(4, 40, 54)	 0.18214285714285716
(37, 39, 43)	 0.19797979797979798
(2, 96, 109)	 0.2665006226650062
(80, 118, 119)	 0.23185265438786568
(94, 96, 99)	 0.47262247838616717
(1, 63, 66)	 0.2216358839050132
(7, 46, 59)	 0.2
(1, 3, 4, 5)	 0.4152542372881356
(12, 13, 40, 45)	 0.3261296660117878
(14, 97)	 0.2202486678507993
(20, 24, 25, 41)	 0.4013377926421404
(77, 125, 131)	 0.3183023872679045
(52, 116)	 0.22720897615708274
(39, 40, 62)	 0.2793867120954003
(16, 22, 25)	 0.24812834224598931
(57, 107, 109)	 0.3836930455635492
(13, 40, 57)	 0.2481751824817518
(20, 30, 49)	 0.22161422708618328
(23, 56, 61)	 0.23545706371191139
(4, 14, 15, 20, 22)	 0.4097222222222222
(11, 23, 33, 34, 40)	 0.2054794520547945
(89, 108, 139)	 0.19397993311036787
(31, 96, 126)	 0.23346303501945526
(11, 20, 21, 23)	 0.36585365853658536
(43, 80, 81)	 0.2390998593530239
(6, 70)	 0.10466988727858291
(10, 56, 58)	 0.14390602055800292
(1, 7, 40, 43)	 0.17716535433070868
(91, 111)	 0.25196850393700787
(57, 80, 83)	 0.595
(2, 35, 44, 46)	 0.3353658536585366
(32, 34, 60)	 0.15725806451612903
(86, 95, 106)	 0.34498834498834496
(28, 89, 95)	 0.38814016172506743
(38, 56, 57)	 0.30406852248394
(5, 24, 33, 43)	 0.30638297872340425
(115, 132)	 0.18121911037891267
(4, 5, 6, 8, 10)	 0.38461538461538464
(1, 3, 7, 12, 15)	 0.351421188630491
(36, 77, 84)	 0.29198966408268734
(3, 14, 15, 43, 46)	 0.3834586466165414
(7, 8, 21, 40, 41)	 0.43416370106761576
(3, 10, 20)	 0.2648401826484018
(28, 31, 53)	 0.21694915254237288
(27, 36, 54)	 0.3202846975088968
(14, 49, 50, 55)	 0.48083623693379796
(38, 39, 45)	 0.3667953667953668
(62, 82, 124)	 0.17713004484304934
(7, 9, 26, 29, 46)	 0.4394366197183099
(60, 64, 74)	 0.23095823095823098
(5, 33, 36)	 0.35257410296411856
(26, 39, 42, 51)	 0.25862068965517243
(22, 47, 89)	 0.2280701754385965
(36, 72, 83)	 0.22281879194630874
(1, 130)	 0.10471204188481675
(12, 14, 43)	 0.42780748663101603
(4, 45, 76)	 0.23700623700623702
(28, 29, 36, 41, 42)	 0.33256351039260973
(36, 50, 60)	 0.35323383084577115
(27, 32, 47, 68)	 0.3397129186602871
(74, 88)	 0.19658119658119658
(17, 36, 38, 55)	 0.34042553191489366
(79, 86, 131)	 0.3406113537117904
(4, 6, 32, 40)	 0.437137330754352
(18, 25, 42)	 0.17921146953405015
(45, 50, 53, 54)	 0.36
(1, 2, 3, 34, 35)	 0.2222222222222222
(26, 35, 46, 48)	 0.2512396694214876
(12, 42, 68)	 0.17543859649122806
(33, 34, 86)	 0.22299651567944254
(12, 13, 17)	 0.25604551920341395
(28, 31, 69)	 0.35856573705179284
(71, 96, 104)	 0.39669421487603307
(27, 48, 70)	 0.2889733840304183
(1, 5, 6, 7, 10)	 0.49448123620309054
(1, 3, 9, 95)	 0.3630952380952381
(79, 111, 118)	 0.2954898911353032
(1, 11, 20, 27)	 0.23809523809523808
(34, 35, 97)	 0.3565640194489465
(1, 3, 8, 40, 43)	 0.3548387096774193
(14, 15, 16, 18)	 0.5076452599388379
(24, 84, 102)	 0.14338235294117646
(5, 6, 12, 19, 20)	 0.25874125874125875
(64, 72, 78)	 0.38515901060070673
(39, 57, 67)	 0.31176470588235294
(3, 18, 39)	 0.08579599618684461
(102, 103, 104)	 0.5844155844155844
(86, 97)	 0.08949771689497715
(1, 7, 10)	 0.3559322033898305
(14, 50, 59)	 0.24199288256227758
(2, 11, 17, 39)	 0.24367816091954025
(87, 114)	 0.18596491228070175
(41, 44, 45, 46, 48)	 0.3921568627450981
(124, 155)	 0.14687499999999998
(22, 179, 182)	 0.3002680965147453
(45, 91, 92)	 0.23014586709886548
(8, 51, 69)	 0.16593886462882093
(89, 98)	 0.1248630887185104
(3, 64, 80)	 0.26544622425629294
(2, 5, 32)	 0.21828908554572274
(15, 125)	 0.12737127371273713
(10, 52, 72)	 0.28996282527881034
(35, 38, 87)	 0.20650095602294455
(2, 66, 94)	 0.2611607142857143
(36, 49, 66)	 0.3322784810126582
(2, 4, 5, 6, 10)	 0.4662576687116564
(4, 107, 113)	 0.1283422459893048
(76, 143, 147)	 0.3411764705882353
(67, 69, 77)	 0.4876847290640394
(59, 74, 77)	 0.27741935483870966
(50, 52, 60)	 0.27009646302250806
(34, 102, 104)	 0.23652173913043478
(1, 2, 34)	 0.2777777777777778
(73, 112, 114)	 0.37209302325581395
(7, 19, 20, 22)	 0.2368421052631579
(18, 19, 86, 91)	 0.3136
(75,)	 0.4086021505376344
(153, 184)	 0.19639934533551553
(2, 8, 15)	 0.24343675417661098
(83, 133)	 0.16685714285714284
(2, 18, 74)	 0.339041095890411
(3, 34, 38)	 0.2585551330798479
(2, 12, 23, 55)	 0.3013698630136986
(1, 108, 118)	 0.17582417582417584
(1, 18, 42, 60)	 0.23076923076923075
(67, 68, 87)	 0.19548872180451127
(1, 28, 37)	 0.29317269076305225
(11, 18, 63)	 0.4949832775919733
(4, 78, 87)	 0.36325678496868474
(9, 10, 19, 24, 30)	 0.25650557620817843
(18, 103, 104)	 0.24567474048442908
(10, 38, 147)	 0.19312602291325698
(32, 35, 76, 77)	 0.3757575757575758
(43, 68)	 0.14920634920634918
(73, 93)	 0.2621082621082621
(1, 6)	 0.37719298245614036
(1, 2, 75)	 0.2738301559792028
(1, 30, 31)	 0.45378151260504207
(60, 63, 83)	 0.202416918429003
(14, 22, 42, 48)	 0.3538230884557721
(35, 59, 76)	 0.21333333333333335
(63, 126, 138)	 0.23592493297587133
(44, 47, 83)	 0.31182795698924726
(1, 47, 62)	 0.3431952662721894
(53, 88)	 0.27155963302752295
(4, 28, 32, 33, 35)	 0.2838709677419355
(40, 54, 59)	 0.3396880415944541
(65, 74, 103)	 0.28285714285714286
(22, 56, 58)	 0.255578093306288
(1, 2, 13, 21)	 0.18357487922705318
(1, 4, 5, 9, 16)	 0.2646502835538752
(62, 63, 67)	 0.38255977496483823
(1, 4, 102)	 0.2801302931596091
(15, 17, 86)	 0.2782931354359926
(1, 28, 51, 53)	 0.22176591375770022
(32, 64, 69)	 0.19875776397515527
(26, 32, 73)	 0.16345062429057888
(15, 32, 34, 37)	 0.2895238095238095
(1, 8, 22, 34)	 0.3712871287128713
(1, 9, 89)	 0.2005141388174807
(4, 111, 135)	 0.30831643002028397
(1, 22, 27, 32, 33)	 0.2801556420233463
(43, 73, 79)	 0.282312925170068
(11, 12, 19, 25, 30)	 0.25373134328358204
(57, 142, 143)	 0.21124031007751937
(8, 76, 92)	 0.1923076923076923
(1, 14, 105)	 0.23529411764705885
(26, 31, 72)	 0.26771653543307083
(1, 8, 43, 48)	 0.4104477611940298
(14, 15, 42)	 0.24218749999999997
(3, 32, 33, 36, 45)	 0.33193277310924374
(23, 100)	 0.10350877192982455
(32, 49, 60)	 0.29239766081871343
(13, 49, 50)	 0.27326732673267323
(14, 17, 20, 31, 40)	 0.48024316109422494
(68, 126)	 0.1710691823899371
(6, 79)	 0.3278688524590164
(1, 24, 29, 43, 56)	 0.3347826086956522
(119, 135)	 0.21192052980132453
(45, 84, 103)	 0.4085365853658537
(1, 10, 15)	 0.4378109452736319
(19, 41, 49, 64)	 0.3133235724743777
(80, 89, 132)	 0.22686567164179106
(12, 17, 96)	 0.3888888888888889
(2, 5, 9)	 0.13333333333333333
(23, 24, 53, 66)	 0.43418803418803414
(27, 56, 102)	 0.1778385772913817
(18, 50, 53, 59)	 0.265625
(24, 42)	 0.15722543352601154
(17, 18, 39, 40)	 0.365
(1, 111, 112)	 0.3346938775510204
(11, 14, 16)	 0.37681159420289856
(1, 63, 77)	 0.30819672131147546
(40, 45, 50, 53)	 0.36224489795918363
(1, 4, 28, 52)	 0.23076923076923078
(11, 33, 35, 36)	 0.29862475442043224
(47, 52, 65)	 0.35308343409915355
(22, 30, 138)	 0.126984126984127
(18, 64, 135)	 0.09177215189873417
(94, 108, 113)	 0.17977528089887643
(1, 25, 49)	 0.33333333333333337
(19, 20, 27)	 0.1613394216133942
(30, 33, 34, 46)	 0.42758620689655175
(65, 120)	 0.12240437158469944
(1, 5, 8, 18, 24)	 0.27837259100642403
(77, 90, 94)	 0.3586626139817629
(2, 5, 9, 46)	 0.22784810126582278
(63, 86, 91)	 0.40763052208835343
(76, 95)	 0.1378579003181336
(11, 48, 60)	 0.43540669856459335
(1, 42, 68, 71)	 0.252991452991453
(53, 80)	 0.1890909090909091
(164, 165)	 0.24416517055655296
(1, 32, 35, 44)	 0.46843177189409363
(19, 52, 67)	 0.4692737430167598
(29, 35, 37)	 0.17582417582417584
(32, 57, 58, 59, 65)	 0.17670682730923692
(32, 57, 66)	 0.2028985507246377
(35, 49, 78)	 0.21281741233373638
(1, 79, 80)	 0.18229166666666666
(138, 150)	 0.12385321100917432
(27, 37, 83)	 0.2758620689655173
(9, 65, 67)	 0.2554945054945055
(15, 23, 25)	 0.17530864197530863
(17, 54)	 0.10228802153432033
(7, 10, 13)	 0.17180616740088106
(1, 2, 58)	 0.15929203539823011
(1, 121, 125)	 0.23613595706618964
(49, 79, 80)	 0.30508474576271183
(1, 11, 13)	 0.2359154929577465
(27, 108)	 0.19932432432432431
(1, 135)	 0.15025041736227046
(74, 75, 83)	 0.2921348314606742
(106, 107)	 0.1856763925729443
(7, 15, 20, 21, 27)	 0.35374149659863946
(1, 68, 85)	 0.35435435435435436
(78, 97, 108)	 0.325
(36, 152)	 0.12177502579979362
(107, 115)	 0.13953488372093023
(5, 137)	 0.1804878048780488
(2, 102)	 0.1089108910891089
(51, 52, 104)	 0.5103857566765578
(70, 93)	 0.21407624633431085
(71, 110)	 0.1787878787878788
(5, 153)	 0.27983539094650206
(1, 32, 86)	 0.22391857506361323
(25, 101)	 0.20580474934036938
(5, 83)	 0.15960099750623444
(21, 74)	 0.15692307692307692
(1, 4, 14)	 0.2061855670103093
(12, 17, 132)	 0.29357798165137616
(88, 94, 96)	 0.40509915014164305
(14, 34, 46)	 0.1779310344827586
(74, 88)	 0.18650793650793648
(3, 73, 75)	 0.3674911660777385
(52, 57, 58)	 0.2426470588235294
(85, 90)	 0.17784711388455537
(112, 134)	 0.14965986394557826
(48, 83, 84)	 0.3163841807909604
(35, 58, 62)	 0.2964352720450282
(8, 18, 21, 23)	 0.28571428571428575
(15, 64, 115)	 0.2742616033755274
(67, 92)	 0.2616822429906542
(3, 4, 8, 12)	 0.15476190476190477
(42, 73)	 0.1830065359477124
(1, 16, 43)	 0.4233576642335766
(0, 4)	 0.0903954802259887
(2, 92, 93)	 0.3525835866261398
(92, 117)	 0.28571428571428575
(31, 129)	 0.26048565121412803
(14, 55, 122)	 0.28634361233480177
(20, 77, 88)	 0.2625298329355608
(24, 91, 96)	 0.30385487528344673
(9, 15, 93)	 0.24439918533604887
(1, 19, 68)	 0.21130221130221133
(67, 103)	 0.17849898580121706
(52, 85, 91)	 0.2153846153846154
(101, 105)	 0.17726396917148363
(64, 75, 95)	 0.21192052980132453
(35, 37, 100)	 0.3956043956043956
(24, 68)	 0.25
(24, 35, 38)	 0.3469387755102041
(70, 123)	 0.16062992125984252
(2, 56)	 0.3796296296296296
(98, 114)	 0.14720812182741116
(24, 68, 102)	 0.3113964686998395
(8, 102, 104)	 0.3933054393305439
(1, 59, 66)	 0.33766233766233766
(77, 104)	 0.28350515463917525
(5, 69, 72)	 0.38202247191011235
(1, 77)	 0.07526881720430106
(53, 113)	 0.14224507283633248
(5, 72, 121)	 0.13248407643312102
(43, 178, 193)	 0.33773861967694563
(44, 51, 96)	 0.39276485788113696
(93, 98)	 0.2844311377245509
(84, 133)	 0.24113475177304963
(30, 43, 44)	 0.2899628252788104
(64, 95, 99)	 0.3511111111111111
(2, 25, 48)	 0.37583892617449666
(61, 75, 77)	 0.35992578849721707
(35, 55, 64)	 0.2708333333333333
(79, 107)	 0.2424242424242424
(33, 111)	 0.14739517153748413
(2, 120)	 0.20285261489698891
(21, 148)	 0.20458015267175572
(1, 3, 4)	 0.5236593059936908
(2, 10, 20, 42)	 0.2909090909090909
(53, 120)	 0.12213740458015268
(84, 85, 88)	 0.36464088397790057
(1, 15, 89)	 0.2406311637080868
(65, 96)	 0.15499254843517138
(62, 66)	 0.2037533512064343
(1, 47, 48)	 0.34754098360655733
(56, 105)	 0.14182344428364688
(5, 22, 23, 24)	 0.38630806845965776
(165, 168, 170)	 0.33043478260869563
(82, 93)	 0.1533834586466165
(55, 59)	 0.14128440366972475
(38, 64)	 0.18914185639229422
(12, 88)	 0.1303703703703704
(25, 50, 61)	 0.13729977116704806
(16, 23, 81)	 0.204778156996587
(53, 76)	 0.0796812749003984
(22, 53, 61)	 0.32362459546925565
(35, 42, 64)	 0.34090909090909094
(51, 60, 83)	 0.27246376811594203
(123, 124)	 0.34936708860759497
(33, 51, 65)	 0.12060301507537688
(3, 92)	 0.22429906542056077
(9, 105)	 0.06419753086419754
(102, 111)	 0.13996889580093314
(19, 65, 73)	 0.3541666666666667
(109, 112, 122)	 0.25959780621572215
(50, 56, 94)	 0.3574468085106383
(59, 70, 116)	 0.30598669623059865
(73, 85, 86)	 0.45029239766081874
(28, 30, 40, 42, 44)	 0.2616822429906542
(31, 42, 79)	 0.49329758713136734
(3, 58)	 0.07203389830508475
(104, 113)	 0.09014675052410902
(14, 38, 78)	 0.3312629399585922
(31, 34)	 0.23868312757201648
(90, 96)	 0.12855007473841554
(40, 43, 78)	 0.29227557411273486
(19, 127)	 0.12815533980582525
(92, 97, 100)	 0.47470817120622566
(61, 96, 98)	 0.07692307692307691
(48, 64, 67)	 0.34177215189873417
(2, 111, 113)	 0.21882951653944016
(72, 83)	 0.17674418604651165
(21, 29)	 0.16733067729083664
(23, 27)	 0.11385606874328678
(1, 65)	 0.16743119266055048
(1, 12, 63, 68)	 0.3333333333333333
(13, 15, 16, 60)	 0.2796610169491526
(38, 129, 132)	 0.17699115044247787
(5, 23, 53)	 0.18970189701897017
(34, 89)	 0.19512195121951223
(46, 107)	 0.2532467532467532
(1, 70)	 0.10557184750733138
(3, 107)	 0.2762063227953411
(12, 51)	 0.1869158878504673
(46, 58, 95)	 0.49047619047619045
(1, 56, 68)	 0.40556660039761433
(2, 46)	 0.19411764705882356
(1, 2, 43)	 0.30769230769230765
(88, 92)	 0.1869918699186992
(51, 119)	 0.36855036855036855
(5, 9, 54, 61)	 0.3125
(7, 110)	 0.18872870249017037
(74, 95)	 0.3309352517985611
(55, 57)	 0.2127659574468085
(17, 66, 87)	 0.22466960352422907
(38, 84)	 0.1264705882352941
(68, 75, 98)	 0.3025210084033613
(9, 135)	 0.3159303882195449
(8, 84, 85)	 0.2689804772234273
(53, 70, 74)	 0.23444283646888564
(76, 100)	 0.1890547263681592
(6, 22, 31)	 0.2747252747252747
(1, 58, 60, 61)	 0.5528455284552846
(1, 44, 72)	 0.31861804222648754
(10, 17, 30, 33, 36)	 0.30422535211267604
(101, 102)	 0.3149606299212599
(60, 62, 64)	 0.25178826895565093
(32, 37, 38)	 0.33168316831683164
(33, 34, 37, 62)	 0.522167487684729
(59, 61)	 0.20899149453219926
(53, 56)	 0.541033434650456
(104, 122)	 0.251621271076524
(1, 94)	 0.09705372616984403
(47, 79)	 0.23248407643312105
(87, 140)	 0.2546689303904923
(1, 67, 96)	 0.2154882154882155
(83, 149)	 0.1676413255360624
(60, 86, 91)	 0.38607594936708856
(83, 91)	 0.2752808988764045
(13, 47)	 0.08065994500458294
(1, 74)	 0.2323943661971831
(8, 141)	 0.29838709677419356
(99, 109)	 0.1388235294117647
(27, 78, 79)	 0.34716981132075475
(1, 3, 53)	 0.3587223587223587
(1, 2, 32, 39)	 0.3559870550161812
(1, 48)	 0.30769230769230765
(63, 90)	 0.17458279845956354
(11, 151)	 0.16086956521739132
(103, 104)	 0.22263450834879409
(89, 101)	 0.3962264150943396
(8, 9, 35, 47)	 0.4236453201970444
(17, 20, 63, 66)	 0.44360902255639106
(47, 101)	 0.10008779631255486
(42, 43)	 0.2645502645502646
(2, 82, 88)	 0.3440233236151603
(1, 2, 13, 26)	 0.3387096774193548
(32, 132)	 0.15730337078651685
(107, 108)	 0.24682395644283123
(6, 82)	 0.11862835959221502
(2, 18, 19, 73)	 0.40255591054313095
(18, 63, 67)	 0.21145374449339205
(86, 140)	 0.26501766784452296
(4, 9, 88)	 0.15774647887323948
(3, 4, 22, 48, 61)	 0.223463687150838
(29, 37, 84)	 0.3333333333333333
(29, 32, 76)	 0.1697877652933833
(25, 34, 44, 53)	 0.27309236947791166
(3, 6, 47)	 0.23340040241448692
(43, 52, 99)	 0.23263888888888892
(2, 25)	 0.12623762376237624
(1, 23, 69)	 0.2596153846153846
(63, 71, 74)	 0.4252631578947369
(2, 3, 20, 23)	 0.14918414918414918
(21, 22, 92)	 0.277602523659306
(3, 6, 45, 50)	 0.16814159292035397
(22, 70, 82)	 0.19808306709265178
(23, 41, 46)	 0.17279411764705882
(42, 58, 74)	 0.23437500000000003
(1, 48)	 0.1631504922644163
(3, 30, 95)	 0.13650793650793652
(91, 104)	 0.10421286031042129
(135, 147)	 0.12080536912751678
(142, 160, 190)	 0.17937219730941703
(86, 87, 88)	 0.271889400921659
(1, 84)	 0.20037105751391465
(98, 99, 106)	 0.5542635658914729
(29, 33, 42)	 0.2707930367504835
(20, 41, 108)	 0.1864555848724714
(57, 60, 103)	 0.19649122807017544
(86, 91)	 0.11918063314711361
(21, 23, 66)	 0.2157676348547718
(1, 2, 49, 50)	 0.44999999999999996
(41, 64, 95)	 0.24475524475524477
(4, 48, 95)	 0.15483870967741933
(90, 91, 169)	 0.12979351032448377
(26, 138, 140)	 0.16853932584269665
(35, 48, 67)	 0.319634703196347
(66, 72)	 0.21965317919075145
(1, 45, 72)	 0.1735985533453888
(6, 7, 17, 41)	 0.2702702702702703
(6, 15, 16, 41, 50)	 0.3954802259887006
(71, 78, 79)	 0.5169230769230769
(1, 112)	 0.13134328358208955
(22, 53, 82)	 0.20155038759689922
(4, 96, 97)	 0.2510822510822511
(2, 14, 45, 48, 55)	 0.3593220338983051
(18, 103, 105)	 0.26382978723404255
(52, 112)	 0.14930555555555555
(17, 25, 55)	 0.47912087912087914
(15, 21, 51, 52)	 0.38752783964365256
(15, 17)	 0.6223776223776224
(1, 35, 44)	 0.3670886075949367
(3, 58, 93)	 0.3142857142857143
(3, 31)	 0.13517915309446255
(80, 117)	 0.13986013986013987
(57, 107)	 0.12662090007627766
(60, 98, 99)	 0.25925925925925924
(7, 56, 72)	 0.2188034188034188
(51, 72, 73)	 0.19547325102880658
(13, 22, 54)	 0.17429193899782136
(103, 115, 117)	 0.1733102253032929
(1, 64, 76)	 0.34615384615384615
(74, 76, 123)	 0.29411764705882354
(61, 63, 76)	 0.3190954773869347
(3, 23, 37, 47)	 0.2844444444444445
(58, 59, 60, 61, 71)	 0.2696177062374246
(16, 55, 58)	 0.136724960254372
(23, 42, 97)	 0.2718168812589413
(1, 20, 58)	 0.23361344537815126
(38, 76, 110)	 0.265625
(71, 152)	 0.3211991434689508
(71, 73)	 0.15473887814313347
(44, 68, 107)	 0.2676348547717843
(16, 45, 97)	 0.2455357142857143
(2, 75, 79)	 0.3115942028985507
(19, 50, 56, 60)	 0.31970260223048325
(47, 135)	 0.1088646967340591
(25, 53)	 0.13509060955518945
(1, 28, 78)	 0.3846153846153847
(46, 115)	 0.11396011396011396
(13, 15, 71)	 0.2512820512820513
(21, 108, 109)	 0.338235294117647
(80, 87, 88)	 0.4523364485981309
(1, 13, 121)	 0.20668693009118544
(117, 118, 132)	 0.34615384615384615
(11, 64, 106)	 0.49865951742627346
(1, 14, 22, 38)	 0.22416812609457093
(45, 54, 56)	 0.29285714285714287
(40, 103)	 0.12431444241316271
(34, 36, 46, 50)	 0.36803874092009686
(1, 38, 106)	 0.21610169491525424
(111, 118)	 0.11608623548922058
(66, 90, 96)	 0.27715355805243447
(128, 134)	 0.24253075571177504
(2, 26)	 0.12527964205816555
(79, 117)	 0.23934426229508196
(106, 141)	 0.1944035346097202
(67, 76, 77)	 0.391304347826087
(11, 12, 61)	 0.3093922651933701
(86, 106)	 0.12653061224489795
(76, 81)	 0.2198731501057083
(68, 102, 103)	 0.24279210925644917
(2, 51)	 0.15789473684210525
(1, 63, 65)	 0.3227091633466136
(15, 91)	 0.26704545454545453
(2, 22, 50)	 0.22477650063856963
(31, 95, 155)	 0.2820512820512821
(92, 96, 137)	 0.3163841807909605
(29, 63, 127)	 0.2476780185758514
(56, 84)	 0.17034700315457416
(1, 2, 61)	 0.21421800947867295
(1, 7, 25)	 0.1319796954314721
(1, 36, 73)	 0.2681564245810056
(5, 44, 69)	 0.226628895184136
(1, 4, 15, 16, 28)	 0.22377622377622378
(47, 71, 74)	 0.28510638297872337
(24, 51, 74)	 0.4129032258064516
(58, 60, 66)	 0.24707846410684473
(24, 56, 59)	 0.19796954314720813
(6, 41, 59)	 0.397489539748954
(1, 9, 11, 12)	 0.2278481012658228
(1, 73, 85)	 0.2171945701357466
(2, 35, 59)	 0.19105199516324065
(75, 79, 84)	 0.3245901639344262
(24, 65, 77)	 0.2916666666666667
(1, 2, 72)	 0.49169435215946844
(38, 56, 62)	 0.2857142857142857
(116, 124)	 0.19672131147540983
(1, 59, 66)	 0.2234513274336283
(28, 83, 101)	 0.30985915492957744
(22, 26, 50, 57, 59)	 0.32876712328767116
(120, 124, 126)	 0.22652468538238138
(72, 87)	 0.15057283142389527
(62, 135)	 0.18443804034582134
(30, 44)	 0.15629522431259046
(64, 66, 88)	 0.23711340206185566
(1, 37, 38, 58)	 0.3405572755417957
(59, 73, 77)	 0.37662337662337664
(85, 136)	 0.15384615384615385
(2, 3, 7, 32)	 0.3127962085308057
(58, 127)	 0.4576271186440678
(1, 4, 34, 45)	 0.2530612244897959
(12, 36, 53)	 0.2857142857142857
(3, 52, 53, 60)	 0.48942598187311176
(63, 68, 79)	 0.20097244732576983
(24, 80, 112)	 0.24312590448625182
(14, 57)	 0.1406060606060606
(44, 49, 53)	 0.22794117647058823
(44, 92, 93)	 0.3788706739526412
(53, 56, 59)	 0.18552875695732837
(38, 74, 89)	 0.2796116504854369
(7, 15, 35, 36, 38)	 0.33333333333333337
(13, 151)	 0.126984126984127
(1, 13, 14, 37)	 0.3448275862068965
(60, 61, 114)	 0.27151051625239003
(5, 57, 60)	 0.3682008368200837
(43, 165)	 0.1904761904761905
(42, 47, 69)	 0.16488222698072802
(55, 105, 116)	 0.4292682926829268
(3, 10, 28, 36)	 0.34513274336283184
(4, 16, 17, 24, 36)	 0.2589928057553956
(2, 37, 39)	 0.4859154929577465
(1, 16)	 0.3280757097791798
(9, 19, 20, 21)	 0.34576271186440677
(39, 40, 42, 48)	 0.4941724941724942
(39, 42, 92)	 0.30277185501066095
(9, 16, 27, 38, 40)	 0.3346938775510204
(31, 49, 52, 57)	 0.3265993265993266
(1, 3, 4, 12, 17)	 0.31715210355987056
(33, 37, 98)	 0.17214397496087638
(67, 69, 87)	 0.3054755043227666
(2, 16, 17, 44)	 0.2463465553235908
(1, 50, 105)	 0.2793733681462141
(6, 62)	 0.13953488372093026
(3, 19, 70)	 0.2647754137115839
(61, 74, 79, 89)	 0.2646239554317549
(1, 27, 29, 44)	 0.4761904761904763
(12, 14, 59, 73)	 0.29520295202952024
(6, 15, 20)	 0.3731778425655976
(45, 48, 50, 56)	 0.28941684665226786
(3, 81, 151)	 0.15384615384615385
(42, 43, 61)	 0.396551724137931
(1, 16, 33)	 0.2725060827250608
(60, 64)	 0.6136865342163356
(37, 38, 39, 46)	 0.311377245508982
(69, 178)	 0.39999999999999997
(19, 20)	 0.540983606557377
(25, 26, 35, 59)	 0.37785016286644946
(14, 41, 80)	 0.2551640340218712
(1, 25, 26, 30)	 0.44324324324324327
(1, 55, 65)	 0.36875
(50, 64, 89)	 0.29810298102981025
(26, 40, 102)	 0.3137254901960784
(92, 101)	 0.08689138576779028
(68, 146)	 0.07926829268292682
(14, 20, 21, 24, 27)	 0.37002341920374704
(71, 76, 122)	 0.1950113378684807
(74, 75)	 0.16828478964401292
(12, 24, 128)	 0.2714285714285714
(16, 20, 30, 55)	 0.5833333333333333
(35, 53, 91)	 0.27450980392156865
(4, 7, 13, 20)	 0.29292929292929293
(1, 6, 7, 14)	 0.30386740331491713
(23, 38, 77)	 0.19402985074626863
(2, 60, 63)	 0.14760638297872342
(25, 74, 76)	 0.24704336399474378
(12, 13, 34, 35)	 0.225140712945591
(30, 69, 70)	 0.36963696369636967
(2, 8, 72)	 0.19213973799126638
(38, 52, 53, 54)	 0.2761061946902655
(9, 24, 63)	 0.3187066974595843
(88, 116)	 0.13802435723951284
(94, 96, 98)	 0.3537906137184116
(88, 137)	 0.16994818652849739
(6, 7, 13, 25, 37)	 0.2752293577981651
(13, 16, 44)	 0.27927927927927926
(8, 13, 117)	 0.16
(39, 107, 108)	 0.4063886424134871
(43, 75, 82)	 0.26635514018691586
(98, 107)	 0.23504273504273507
(1, 8, 12, 15, 20)	 0.17964071856287425
(5, 105, 123)	 0.24263431542461006
(1, 27, 100)	 0.23693379790940763
(1, 28, 36, 37)	 0.35768261964735526
(5, 78, 79)	 0.2965931863727455
(33, 47, 66)	 0.23501199040767382
(69, 81, 84)	 0.2460202604920405
(112, 114)	 0.148471615720524
(93, 127)	 0.1475728155339806
(12, 17, 30, 45)	 0.31343283582089554
(19, 52, 111)	 0.2165450121654501
(18, 19, 40)	 0.3108614232209738
(122, 145, 146)	 0.232183908045977
(1, 12, 46)	 0.1723756906077348
(3, 17, 45, 46)	 0.3322884012539185
(1, 3, 108)	 0.29721362229102166
(1, 61, 65, 66)	 0.21074380165289258
(1, 56, 57)	 0.4921135646687697
(59, 118)	 0.1758569299552906
(35, 116, 130)	 0.14320193081255028
(14, 17, 23, 33, 34)	 0.31549295774647884
(55, 61, 64)	 0.4145077720207253
(18, 43, 51)	 0.28095238095238095
(110, 112)	 0.2315369261477046
(47, 68, 69)	 0.16432432432432434
(1, 126)	 0.20026350461133072
(120, 126)	 0.20036429872495445
(71, 81, 94)	 0.36324786324786323
(79, 84, 87)	 0.2653061224489796
(1, 48)	 0.21052631578947367
(24, 62, 63)	 0.16091954022988506
(26, 30)	 0.1566068515497553
(50, 81, 111)	 0.23569023569023573
(46, 70, 74)	 0.22664624808575803
(51, 66, 75)	 0.21176470588235297
(69, 75, 97)	 0.18031088082901556
(1, 3, 34, 38, 39)	 0.42986425339366513
(3, 7, 14, 20, 29)	 0.4350453172205438
(3, 4, 12)	 0.30769230769230765
(99, 142)	 0.11006018916595013
(9, 16, 20, 43)	 0.29482071713147406
(25, 30, 38, 40)	 0.3788968824940048
(39, 40, 45, 71)	 0.3631578947368421
(25, 104, 108)	 0.17668488160291437
(18, 90, 115)	 0.1948488241881299
(9, 47, 51)	 0.2883720930232558
(5, 13, 18, 39, 40)	 0.48157248157248156
(21, 25, 55)	 0.37623762376237624
(3, 78, 107)	 0.144
(31, 90)	 0.19555555555555557
(1, 95, 108)	 0.19932432432432434
(50, 74, 81)	 0.23529411764705882
(31, 49, 94)	 0.24292845257903495
(1, 22, 29, 51)	 0.32463768115942027
(102, 117)	 0.15577190542420027
(1, 2, 6, 7, 59)	 0.26837060702875404
(1, 34, 47, 49)	 0.43830570902394106
(1, 2, 19, 23)	 0.41558441558441556
(1, 53)	 0.2168925964546403
(18, 24, 51)	 0.20080321285140565
(9, 16, 17)	 0.411764705882353
(1, 43, 44, 51)	 0.47311827956989244
(57, 93, 99)	 0.19047619047619047
(24, 26, 28, 39, 56)	 0.21843003412969283
(85, 107)	 0.06854531607006854
(16, 46, 47)	 0.46258503401360546
(52, 90, 93)	 0.3990719257540603
(5, 77, 95)	 0.4506172839506173
(48, 92)	 0.08299866131191433
(1, 2, 41)	 0.34013605442176875
(83, 98)	 0.2713286713286713
(69, 77, 86)	 0.4545454545454545
(3, 77, 78)	 0.31865828092243187
(98, 100, 102)	 0.2701227830832197
(1, 39, 114)	 0.35398230088495575
(55, 67, 141)	 0.15340909090909094
(26, 54)	 0.1895424836601307
(5, 10, 108)	 0.2752808988764045
(6, 21, 24)	 0.3987915407854985
(34, 35)	 0.2649842271293375
(9, 15, 24, 33)	 0.2622107969151671
(38, 68, 91)	 0.28571428571428575
(5, 15, 20, 27)	 0.4015748031496063
(80, 89, 95)	 0.21390374331550802
(32, 33, 56)	 0.2725225225225225
(13, 96, 98)	 0.2248062015503876
(2, 41, 81)	 0.2410714285714286
(7, 85, 88)	 0.20697412823397077
(32, 33, 34)	 0.44649933949801845
(18, 58, 59)	 0.3516949152542373
(1, 33, 95)	 0.20547945205479454
(10, 30, 31, 34)	 0.3476923076923077
(8, 9, 17, 23, 29)	 0.2654462242562929
(27, 60, 61, 63)	 0.4246575342465753
(41, 82, 83)	 0.39245283018867927
(1, 3, 6, 15, 20)	 0.29207920792079206
(39, 40, 75, 78)	 0.28270042194092826
(23, 135)	 0.10963748894783377
(69, 124)	 0.11521739130434781
(44, 46, 107)	 0.27755102040816326
(3, 32, 33, 35)	 0.39325842696629215
(24, 27, 47)	 0.31613976705490854
(56, 63, 65)	 0.2945736434108527
(50, 61, 67)	 0.5188679245283019
(43, 76, 100)	 0.31396534148827726
(83, 84, 89)	 0.1925754060324826
(53, 58, 65)	 0.2014260249554367
(1, 12, 15, 23, 26)	 0.4612326043737574
(20, 73)	 0.10472103004291845
(59, 69)	 0.2658227848101266
(31, 33, 38)	 0.21327014218009477
(59, 85, 98)	 0.4258373205741627
(21, 27, 70)	 0.2712765957446808
(9, 39, 41)	 0.1671018276762402
(2, 50)	 0.15633423180592992
(8, 13, 24, 26)	 0.28037383177570097
(26, 28, 34)	 0.1724137931034483
(2, 3, 5)	 0.31578947368421056
(118, 141)	 0.06682577565632458
(1, 2, 24, 36, 37)	 0.4186046511627907
(1, 3, 17)	 0.3027295285359802
(86, 141)	 0.2037735849056604
(45, 59)	 0.3190476190476191
(29, 45, 103)	 0.30344827586206896
(27, 159)	 0.14556331006979062
(77, 100, 103)	 0.19662921348314608
(56, 58, 104)	 0.33101045296167253
(46, 77)	 0.275
(105, 107, 110)	 0.5263157894736842
(1, 42, 88)	 0.2802197802197802
(34, 58, 81)	 0.297951582867784
(2, 23, 164)	 0.14842300556586271
(3, 10, 12, 13, 15)	 0.3954372623574144
(3, 6, 39)	 0.19499999999999998
(82, 97)	 0.1263157894736842
(9, 17, 22, 23, 31)	 0.31950207468879666
(17, 30, 71)	 0.1423487544483986
(33, 72, 91)	 0.3185378590078329
(50, 57, 68)	 0.5027624309392265
(17, 18, 20, 28, 35)	 0.21705426356589144
(39, 56, 125)	 0.20153061224489793
(19, 22)	 0.40769230769230763
(8, 66, 79)	 0.1431980906921241
(34, 43, 44, 61)	 0.2280285035629454
(43, 45, 51)	 0.536986301369863
(42, 64, 65)	 0.4318181818181818
(2, 63, 82)	 0.34415584415584416
(44, 50, 52)	 0.3774403470715835
(50, 69, 70)	 0.23076923076923075
(92, 105, 106)	 0.1733333333333333
(37, 87)	 0.22222222222222224
(9, 97, 107)	 0.3534482758620689
(33, 50, 88)	 0.1327334083239595
(8, 38, 39)	 0.2031746031746032
(24, 93)	 0.10961968680089486
(48, 57, 65)	 0.23238095238095238
(49, 63)	 0.10398613518197573
(37, 42, 61)	 0.34065934065934067
(54, 64, 88)	 0.3359375
(3, 14)	 0.25190839694656486
(2, 3, 40, 41)	 0.3737024221453287
(10, 33, 45)	 0.28042328042328046
(5, 50)	 0.16838995568685378
(30, 47, 51)	 0.37593984962406013
(1, 135)	 0.1522956326987682
(35, 39)	 0.10094637223974763
(31, 105)	 0.2376681614349776
(1, 22, 29, 30)	 0.28444444444444444
(31, 85, 87)	 0.2582417582417582
(52, 81)	 0.129979035639413
(33, 57, 58)	 0.32310838445807766
(28, 90, 96)	 0.2327790973871734
(30, 42, 56)	 0.3397435897435897
(129, 131)	 0.15770609318996417
(156, 157)	 0.13804173354735153
(49, 52, 55)	 0.15250544662309368
(38, 118)	 0.1899736147757256
(115, 118)	 0.22913256955810146
(59, 103, 106)	 0.37613019891500904
(6, 47)	 0.13977128335451083
(30, 91, 122)	 0.3072463768115942
(7, 11)	 0.10893246187363834
(17, 18, 72)	 0.4478260869565217
(88, 92)	 0.17302798982188294
(77, 112)	 0.12542372881355932
(4, 11, 55)	 0.2760942760942761
(81, 100, 111)	 0.3739130434782609
(1, 80)	 0.18181818181818182
(56, 76, 84)	 0.3553299492385787
(134, 135, 137)	 0.5182481751824818
(136, 138)	 0.07726075504828799
(76, 91, 92)	 0.2958057395143488
(107, 126)	 0.11603053435114505
(2, 67)	 0.3577512776831346
(93, 94, 113, 114)	 0.40767386091127095
(9, 13, 14, 25, 26)	 0.402332361516035
(55, 65, 70)	 0.3920454545454546
(116, 141)	 0.3314121037463977
(109, 111)	 0.09682804674457429
(14, 78, 126)	 0.2079207920792079
(91, 92, 93)	 0.40655737704918027
(64, 65, 69)	 0.40446304044630405
(36, 40, 72)	 0.4073107049608355
(65, 67, 106)	 0.16446700507614215
(42, 96, 120)	 0.07513148009015777
(8, 23, 26, 32, 33)	 0.34844868735083534
(11, 14, 22)	 0.2647058823529412
(76, 83, 92)	 0.2821158690176322
(83, 112, 121)	 0.19135802469135804
(1, 29, 30)	 0.4989517819706498
(48, 73, 82)	 0.3270868824531516
(73, 75, 128)	 0.26071428571428573
(9, 74, 113)	 0.37025316455696206
(2, 4, 40)	 0.21151832460732986
(88, 96, 111)	 0.47596153846153844
(53, 85)	 0.15357142857142855
(42, 57, 83)	 0.19863013698630136
(31, 47, 50)	 0.20502092050209206
(59, 71, 84)	 0.26875
(83, 84, 87)	 0.23163841807909602
(53, 62, 68)	 0.3785488958990536
(7, 45, 46, 47)	 0.4726224783861671
(2, 6, 7, 10, 32)	 0.17993079584775085
(8, 15, 28, 49)	 0.37748344370860926
(10, 159)	 0.2180349932705249
(1, 13, 82)	 0.32727272727272727
(46, 107)	 0.15953947368421054
(104, 158)	 0.2801120448179272
(1, 2, 4, 8, 12)	 0.22950819672131148
(63, 131, 132)	 0.3458646616541353
(1, 29, 93)	 0.18218623481781374
(2, 40, 52)	 0.5483870967741936
(8, 17)	 0.1378299120234604
(103, 107)	 0.10467706013363029
(25, 38)	 0.25621414913957935
(44, 65, 92)	 0.3371900826446281
(69, 100)	 0.3597122302158273
(101, 103)	 0.3048128342245989
(85, 88)	 0.22448979591836737
(2, 86)	 0.2837209302325581
(50, 65)	 0.24836601307189543
(16, 27, 69)	 0.2365038560411311
(1, 37, 75)	 0.4560260586319218
(1, 91, 93)	 0.21532091097308492
(1, 6, 54)	 0.4651162790697674
(73, 130)	 0.15580286168521462
(1, 17, 25, 31)	 0.3311258278145695
(21, 25)	 0.3523316062176166
(2, 34, 35, 57)	 0.45825242718446607
(7, 8, 11, 19, 24)	 0.1784037558685446
(37, 112, 114)	 0.20786516853932582
(17, 25, 26, 34)	 0.4335664335664336
(58, 62, 118)	 0.4
(26, 41, 56, 58)	 0.30144927536231886
(105, 107, 112)	 0.3800383877159309
(24, 29, 30, 39)	 0.48684210526315785
(6, 39, 81)	 0.31952662721893493
(1, 91, 122)	 0.19402985074626866
(47, 84)	 0.12324929971988795
(14, 15, 40, 41)	 0.3436619718309859
(4, 27, 51, 56)	 0.17665615141955837
(99, 101)	 0.1262135922330097
(7, 16, 72)	 0.21997105643994214
(1, 61)	 0.16666666666666666
(20, 53, 61)	 0.270042194092827
(80, 81)	 0.11663479923518165
(26, 27)	 0.17038539553752535
(146, 169)	 0.2915811088295688
(2, 14, 119)	 0.1418020679468242
(1, 46, 79)	 0.3779527559055118
(43, 62, 64)	 0.33653846153846156
(22, 92)	 0.2
(1, 46, 80)	 0.4573378839590444
(1, 83, 84)	 0.1935483870967742
(6, 20, 52, 53)	 0.3952380952380953
(1, 120)	 0.27364185110663986
(75, 77, 97)	 0.33994334277620397
(1, 24, 60)	 0.3091247672253259
(75, 110)	 0.22285714285714286
(108, 109)	 0.24460431654676257
(46, 47, 73)	 0.26415094339622647
(2, 3, 15)	 0.2913907284768212
(1, 27, 88)	 0.17792068595927116
(45, 118)	 0.10488245931283906
(27, 102, 105)	 0.1753731343283582
(77, 105)	 0.0947867298578199
(1, 65, 107)	 0.25980392156862747
(8, 49, 82)	 0.28901734104046245
(81, 107)	 0.20245398773006135
(59, 64, 81)	 0.4504504504504505
(51, 81)	 0.15124378109452738
(4, 12, 23, 28)	 0.46892655367231634
(1, 6, 10, 17, 20)	 0.1850533807829181
(22, 66, 94)	 0.23617339312406577
(2, 31, 126)	 0.3508771929824561
(2, 12, 16, 30, 35)	 0.5338809034907598
(6, 8, 10, 42, 55)	 0.32298136645962733
(23, 26, 31, 32, 40)	 0.4720496894409938
(24, 25, 27, 37)	 0.337468982630273
(1, 18, 22, 27, 28)	 0.38186157517899755
(118, 156)	 0.17135862913096694
(33, 43, 52)	 0.20031796502384738
(12, 64, 77)	 0.3192488262910798
(48, 76, 86)	 0.24060150375939857
(27, 87, 93)	 0.18451025056947606
(20, 21, 100)	 0.26262626262626265
(20, 49)	 0.12231759656652362
(4, 5, 6, 9, 11)	 0.2304147465437788
(36, 50, 59, 60)	 0.5071225071225072
(9, 10, 27, 30)	 0.23529411764705882
(2, 78, 81)	 0.3463497453310696
(155, 168)	 0.2652329749103942
(1, 24, 81)	 0.2072289156626506
(99, 144)	 0.15733736762481088
(65, 129)	 0.22418879056047197
(11, 33, 69)	 0.24738675958188153
(56, 77, 103)	 0.33906633906633904
(1, 2, 6, 10)	 0.35687732342007433
(31, 46, 50)	 0.43572984749455346
(46, 82, 84)	 0.2183235867446394
(30, 35, 42)	 0.33333333333333337
(81, 95)	 0.1496774193548387
(1, 3, 21, 104, 107)	 0.1643835616438356
(5, 10, 62)	 0.4032258064516129
(75, 82, 86)	 0.2751091703056769
(8, 17, 119)	 0.4077669902912622
(58, 122)	 0.32592592592592595
(45, 59, 72)	 0.3342036553524804
(2, 5, 11, 25, 32)	 0.4368231046931408
(4, 9, 11, 14)	 0.3113207547169811
(95, 126)	 0.17001545595054096
(2, 73)	 0.12640163098878696
(97, 98)	 0.15772179627601315
(27, 28, 33, 45)	 0.47
(1, 29, 35, 37)	 0.2807017543859649
(1, 74, 83, 85)	 0.22261484098939927
(10, 34, 56)	 0.42136498516320475
(73, 74, 79)	 0.27717391304347827
(78, 94, 104)	 0.18163471241170534
(87, 115)	 0.08615384615384616
(69, 71, 80)	 0.4101694915254237
(29, 35)	 0.1329211746522411
(1, 47, 49, 50)	 0.5658263305322129
(26, 46)	 0.17836257309941522
(1, 130)	 0.06497175141242938
(5, 9, 11, 12)	 0.29901960784313725
(2, 112)	 0.08702791461412152
(50, 55, 88)	 0.24149659863945577
(26, 73, 84)	 0.29675425038639874
(10, 12, 39)	 0.2791461412151067
(86, 105)	 0.13703099510603586
(1, 4, 22, 24, 31)	 0.4851485148514852
(107, 123)	 0.2491186839012926
(81, 106, 136)	 0.33618233618233617
(3, 51, 53)	 0.4664879356568365
(5, 8)	 0.2909090909090909
(11, 12, 15)	 0.2948207171314742
(28, 50, 59, 60)	 0.3917525773195876
(2, 66, 84)	 0.3870967741935484
(32, 119)	 0.29830508474576267
(1, 31)	 0.17185185185185184
(21, 23, 28, 29, 31)	 0.3285302593659943
(54, 69, 70)	 0.4251012145748988
(14, 20, 27, 33)	 0.3910256410256411
(65, 68)	 0.1619834710743802
(60, 87)	 0.23058823529411762
(66, 131)	 0.13477737665463296
(52, 55, 67)	 0.4289855072463768
(80, 81, 99)	 0.3079646017699115
(104, 116)	 0.05767441860465116
(26, 81)	 0.05565217391304348
(1, 3, 4)	 0.1703470031545741
(2, 51, 53)	 0.35380835380835385
(3, 28, 95)	 0.22559652928416488
(55, 61, 70)	 0.4654377880184331
(1, 5, 112)	 0.2074468085106383
(1, 7, 13, 19)	 0.20606060606060606
(12, 57)	 0.19433198380566802
(74, 109)	 0.1936416184971098
(32, 46)	 0.23323615160349856
(61, 93, 96)	 0.36978131212723664
(1, 4, 8, 9, 14)	 0.26717557251908397
(53, 104, 111)	 0.1282051282051282
(43, 112)	 0.20131291028446394
(1, 2, 16, 18, 21)	 0.31046931407942235
(1, 6, 44)	 0.4592592592592593
(57, 61, 74)	 0.4690831556503198
(96, 97)	 0.08562691131498472
(62, 65)	 0.19283746556473827
(24, 99)	 0.21739130434782608
(2, 4, 54)	 0.33571428571428574
(58, 86, 92)	 0.41463414634146345
(1, 83, 84)	 0.27790432801822323
(46, 63, 65)	 0.3433734939759036
(23, 46, 47, 56)	 0.2260127931769723
(75, 122)	 0.13274336283185842
(39, 44, 92)	 0.25735294117647056
(2, 36, 71)	 0.27568270481144347
(44, 79, 82)	 0.23504273504273507
(39, 101, 116)	 0.40718562874251496
(39, 123, 136)	 0.2540192926045016
(6, 14, 105)	 0.2661122661122661
(1, 49, 71)	 0.2297297297297297
(90, 147)	 0.45614035087719296
(15, 20, 75)	 0.2897033158813264
(40, 76, 107)	 0.3674418604651163
(25, 26, 35, 47)	 0.33613445378151263
(58, 79, 91)	 0.17258883248730963
(8, 64, 73)	 0.27290448343079926
(105, 106, 107)	 0.2761506276150628
(1, 12, 37, 40)	 0.2743682310469314
(35, 86, 117)	 0.3412073490813648
(43, 49, 57)	 0.41484716157205237
(17, 66, 72)	 0.23853211009174313
(83, 89)	 0.11707317073170731
(1, 18, 35, 51, 52)	 0.37894736842105264
(66, 73, 81)	 0.1907356948228883
(2, 72, 106)	 0.23126338329764456
(18, 26, 93)	 0.24603174603174605
(17, 38, 44, 45)	 0.20990099009900992
(48, 76, 78)	 0.4046692607003891
(6, 42)	 0.11111111111111112
(41, 68, 73)	 0.41237113402061853
(29, 42, 113)	 0.27866473149492016
(63, 119)	 0.10292812777284828
(15, 19, 21, 22, 28)	 0.3829787234042553
(9, 52, 55)	 0.32038834951456313
(92, 98)	 0.2172774869109948
(106, 111)	 0.05188284518828452
(36, 40, 43)	 0.31433506044905013
(75, 102)	 0.17460317460317462
(67, 123)	 0.22700587084148727
(34, 50, 51)	 0.19999999999999998
(34, 85, 98)	 0.29614325068870523
(22, 26, 27, 30)	 0.3241758241758242
(75, 77, 78)	 0.3551912568306011
(1, 70)	 0.1213793103448276
(1, 105)	 0.07518796992481203
(67, 68, 70)	 0.38174273858921165
(59, 101)	 0.2587800369685767
(14, 16, 91)	 0.13309352517985612
(4, 12, 16, 17)	 0.18110236220472445
(106, 109)	 0.08343558282208588
(47, 78, 79)	 0.3571428571428571
(55, 64, 83)	 0.24000000000000002
(95, 124)	 0.14175654853620956
(18, 83)	 0.28418230563002683
(47, 48, 72)	 0.22456140350877193
(2, 37, 38, 40)	 0.31952662721893493
(4, 25, 32, 37)	 0.4063324538258576
(59, 96, 110)	 0.3445825932504441
(11, 71, 73)	 0.17704918032786884
(73, 74)	 0.2765957446808511
(2, 94, 95)	 0.35940803382663855
(23, 25, 69)	 0.35000000000000003
(85, 93, 95)	 0.5655526992287917
(45, 46, 47, 48)	 0.48806366047745353
(12, 26, 64)	 0.23255813953488375
(67, 71, 75)	 0.2976939203354298
(41, 42, 48)	 0.3018867924528301
(1, 4, 72, 73)	 0.5072463768115941
(10, 120)	 0.09819121447028423
(32, 33, 63)	 0.3146067415730337
(2, 14, 17, 57)	 0.21385542168674698
(49, 56, 61, 63)	 0.28052805280528054
(2, 75, 76)	 0.5348837209302325
(1, 5)	 0.15289256198347106
(30, 72, 112)	 0.32245681381957775
(43, 63, 78)	 0.4043126684636119
(2, 57, 84)	 0.36272040302267
(11, 44, 94)	 0.26795580110497236
(15, 23, 26, 30, 43)	 0.7437185929648241
(7, 107)	 0.09814814814814814
(1, 15, 73)	 0.5015290519877676
(17, 90, 93)	 0.2902298850574712
(1, 3, 33)	 0.25759162303664923
(4, 11, 29, 33, 38)	 0.3173076923076923
(7, 79, 96)	 0.17462932454695224
(31, 106, 107)	 0.2320675105485232
(79, 84, 100)	 0.22476190476190477
(1, 2, 7, 9, 11)	 0.30656934306569344
(19, 40, 45, 57)	 0.24637681159420294
(7, 9, 20)	 0.3402061855670103
(27, 32, 58)	 0.16936488169364883
(38, 88, 100)	 0.24123711340206186
(39, 60, 99)	 0.20000000000000004
(1, 3, 63, 65)	 0.2777777777777778
(5, 78, 87)	 0.11480362537764352
(28, 38, 46, 49)	 0.3021032504780115
(4, 52, 68)	 0.20703125
(16, 37, 42)	 0.20151133501259444
(22, 60, 73)	 0.3188976377952756
(10, 20, 33)	 0.27350427350427353
(16, 45, 122)	 0.2055045871559633
(3, 6, 15, 28)	 0.2692307692307693
(12, 26, 73)	 0.2113095238095238
(1, 8, 9, 16)	 0.24107142857142855
None	 0
(19, 21, 23, 29, 32)	 0.4602739726027397
(42, 46, 62)	 0.20436280137772672
(7, 9, 38, 39, 40)	 0.32386363636363635
(26, 80, 101)	 0.34513274336283184
(1,)	 0.05633802816901408
(1, 2, 14, 16, 27)	 0.2436548223350254
(18, 141)	 0.0819672131147541
(4, 7, 10)	 0.1853035143769968
(70, 72, 88)	 0.23980222496909764
(49, 57, 75)	 0.3025830258302583
(60, 74, 78)	 0.24719101123595505
(48, 91, 102)	 0.15682062298603652
(3, 6, 17)	 0.22811671087533156
(5, 21, 56)	 0.22546972860125258
(3, 18, 92)	 0.15632183908045977
(15, 25, 49)	 0.3390804597701149
(14, 26, 28, 40)	 0.2537634408602151
(2, 25, 115)	 0.20085836909871244
(76, 85, 92)	 0.15742793791574278
(1, 5, 15, 28, 47)	 0.2934537246049661
(15, 16, 54, 55)	 0.21319796954314718
(4, 19, 44, 52)	 0.22432859399684044
(6, 39, 53)	 0.20861678004535147
(2, 6, 7, 10)	 0.29375
(11, 28, 67)	 0.1902313624678663
(6, 19, 24, 40)	 0.14619883040935672
(16, 86, 127)	 0.18658892128279886
(9, 31, 116)	 0.1603053435114504
(94, 97)	 0.13780918727915192
(4, 76, 95)	 0.13535911602209943
(1, 64, 99)	 0.20995670995670995
(46, 62, 68)	 0.20216606498194947
(5, 19, 82)	 0.20466786355475763
(3, 19, 22, 33, 41)	 0.26903553299492383
(41, 47, 62, 66)	 0.43643263757115747
(38, 59, 61, 63)	 0.2893081761006289
(59, 66, 73)	 0.2233333333333333
(1, 3, 6, 11)	 0.26181818181818184
(8, 16, 18, 32, 35)	 0.47838616714697413
(2, 3, 12, 13)	 0.2779456193353474
(12, 15, 18, 21)	 0.3715415019762846
(11, 27, 30)	 0.23140495867768596
(76, 83, 85)	 0.25102319236016374
(2, 50, 54)	 0.23809523809523808
(1, 4, 12, 52)	 0.1782608695652174
(1, 3, 10)	 0.31137724550898205
(84, 112, 121)	 0.21957671957671956
(38, 48, 59)	 0.16069868995633185
(9, 24, 51)	 0.16739319965126417
(1, 5, 6)	 0.16260162601626016
(22, 93, 96)	 0.24576271186440676
(16, 36, 46, 60)	 0.3146853146853147
(120, 130, 142)	 0.4270072992700729
(3, 10, 40)	 0.34298440979955463
(68, 71, 96)	 0.15602836879432624
(1, 24, 40)	 0.16026711185308845
(7,)	 0.06896551724137931
(67, 75, 80)	 0.3192488262910798
(26, 36, 75)	 0.28304093567251465
(46, 58, 95)	 0.17445482866043616
(22, 31, 35, 39)	 0.2850467289719626
(2, 6, 56)	 0.12399540757749712
(71, 107)	 0.16292134831460675
(35, 42, 46)	 0.25089605734767023
(5, 9, 19, 30, 34)	 0.4327731092436975
(1, 30, 104)	 0.20185375901132852
(1, 2, 17, 36, 39)	 0.21888412017167377
(26, 27, 59)	 0.24137931034482757
(16, 17, 45)	 0.27272727272727276
(61, 95, 109)	 0.2401129943502825
(1, 7, 16, 52)	 0.2846580406654344
(4, 47, 56)	 0.23380281690140844
(33, 38, 41, 42)	 0.22343324250681199
(77, 95, 107)	 0.20121212121212123
(1, 9, 96)	 0.1559322033898305
(70, 88, 94)	 0.1420863309352518
(78, 98)	 0.0968096809680968
(6, 12, 39)	 0.2302325581395349
(41, 62, 75)	 0.15985790408525755
(5, 65, 94)	 0.2935560859188544
(6, 10, 86)	 0.23162134944612284
(6, 97, 136)	 0.21818181818181817
(23, 44, 49, 61)	 0.27844311377245506
(21, 91, 115)	 0.22791293213828426
(6, 92, 94)	 0.25083836351441985
(3, 12, 47)	 0.13714285714285715
(52, 53, 59)	 0.17539267015706808
(42, 55, 56)	 0.21521335807050093
(0, 28, 35, 38)	 0.18290258449304175
(59, 61, 74)	 0.2523364485981308
(35, 45, 89)	 0.23044096728307253
(88, 93, 101)	 0.23931623931623933
(13, 25, 26, 32, 39)	 0.2878787878787879
(1, 26, 39, 40, 46)	 0.23751686909581643
(9, 25, 40)	 0.18882466281310212
(73, 77, 95)	 0.28254847645429365
(3,)	 0.04
(24, 60, 94)	 0.14901387874360847
(1, 20)	 0.1473684210526316
(20, 149, 168)	 0.2905263157894737
(35, 43, 75)	 0.17600000000000002
(5, 21, 75)	 0.15789473684210528
(31, 47, 58)	 0.17600000000000002
(57, 84)	 0.13930348258706468
(43, 64, 108)	 0.20029455081001474
(0, 84, 111)	 0.23664122137404583
(23, 25, 69)	 0.20087336244541487
(11, 19, 33)	 0.22769230769230767
(3, 30, 78)	 0.24783861671469742
(37, 59, 67)	 0.25726872246696036
(7, 21, 22, 24)	 0.2875647668393782
(37, 42, 102)	 0.15186028853454822
(9, 28, 72)	 0.14487926727726894
(14, 63, 67)	 0.1544477028347996
None	 0
(2, 42, 90)	 0.16466552315608918
(3, 7, 11, 13, 20)	 0.25287356321839083
(3, 9, 12, 16, 38)	 0.28884026258205686
(30, 33, 44, 54)	 0.3657142857142857
(4, 24, 31, 39)	 0.326963906581741
(24, 38, 74)	 0.3207388748950462
(1, 27, 49)	 0.18998716302952504
(34, 51, 54, 58)	 0.24036281179138325
(29, 89, 91)	 0.14634146341463414
(92, 113, 119)	 0.31652661064425774
(9, 12, 34, 47)	 0.20086083213773315
(3, 47, 99)	 0.1410727406318883
(3, 55, 57)	 0.17202072538860103
(8, 13, 18)	 0.3082706766917293
(8, 42, 73)	 0.2140391254315305
(17, 111, 129)	 0.1540983606557377
(1, 13, 22, 28, 32)	 0.4482173174872666
(52, 95, 107)	 0.19604743083003953
(32, 52, 55)	 0.1900452488687783
(39, 53, 109)	 0.25145518044237486
(10, 18, 61)	 0.21148036253776437
(48, 146)	 0.16448885472713295
(41, 60, 64)	 0.2108433734939759
(15, 35, 86)	 0.13590033975084936
(7,)	 0.2926829268292683
(1, 64, 89)	 0.21518987341772153
(64, 76, 83)	 0.1597542242703533
(80, 87, 92)	 0.17502668089647813
(3, 7, 17, 32, 39)	 0.38273921200750466
(47, 60, 64)	 0.30196936542669583
(74, 115)	 0.12457912457912458
(1, 19, 71)	 0.27412587412587414
(37, 49, 59)	 0.23083403538331929
(8, 16, 69)	 0.20689655172413796
(1, 45, 72)	 0.2510460251046025
(42, 43, 50, 58)	 0.2504118616144975
(36, 76, 80)	 0.22371364653243853
(21, 33, 62)	 0.24593128390596747
(16, 19, 30, 45)	 0.2410480349344978
(10, 11, 14, 18, 19)	 0.18475750577367206
(15, 16, 22, 30, 32)	 0.24776119402985075
(14, 23, 46)	 0.1942959001782531
(1, 52, 65)	 0.31278538812785384
(65, 113, 119)	 0.2077331311599697
(5, 6, 7, 8, 25)	 0.2932551319648094
(44, 80, 98)	 0.21099554234769688
(12, 17, 19, 42)	 0.311787072243346
(22, 35, 103)	 0.19281332164767748
(10, 48, 51, 56)	 0.3992248062015504
(17, 78, 81)	 0.2197392923649907
(11, 12, 15)	 0.356234096692112
(9, 10, 31)	 0.32242990654205606
(57, 68, 78)	 0.17414248021108178
(22, 27, 46)	 0.12170087976539588
(2, 4, 7, 32, 33)	 0.296028880866426
(1, 33, 54, 56, 64)	 0.3225806451612903
(14, 18, 38)	 0.15384615384615383
(1, 17, 22, 42)	 0.14840989399293286
(6, 12, 15)	 0.40404040404040403
(32, 55, 63)	 0.29821717990275526
(6, 11, 13, 35)	 0.2604651162790698
(17, 25, 33, 61)	 0.3543788187372709
(10, 22, 51)	 0.14873140857392825
(5, 10, 82)	 0.14335260115606938
(3, 10, 22, 38, 41)	 0.3107692307692308
None	 0
(29, 113)	 0.1834061135371179
(86, 106, 108)	 0.1914893617021277
(27, 44, 54)	 0.32985386221294366
(27, 46, 57, 58)	 0.3099173553719008
(2, 16, 30, 35)	 0.44642857142857145
(8, 35, 75)	 0.21458046767537828
(10, 14, 51)	 0.16462917685411574
(4, 5, 6, 30, 33)	 0.2169811320754717
(1, 12, 100)	 0.18080357142857142
(5, 17, 20, 24, 26)	 0.3263888888888889
None	 0
(6, 14, 15, 22, 28)	 0.3163841807909605
(40, 65, 74, 79)	 0.33695652173913043
(2, 33, 79)	 0.1372705506783719
(45, 67, 71)	 0.23013245033112584
(0, 64, 80)	 0.13376309427880742
(4, 16, 19)	 0.15498938428874734
(1, 14, 17, 49)	 0.29973238180196254
(0, 116, 146)	 0.15180265654648956
(12, 24, 27, 32, 34)	 0.18803418803418803
(65, 81)	 0.13968253968253969
(1, 39, 42, 60)	 0.2704626334519573
(5, 9, 13, 33, 34)	 0.186046511627907
(6, 13, 15, 31)	 0.27067669172932335
(25, 44, 50)	 0.23127463863337713
(43, 96, 103)	 0.2030769230769231
(11, 33, 80)	 0.25296442687747034
(10, 23, 54)	 0.18689581095596133
(35, 44, 62)	 0.23353293413173656
(54, 62, 77)	 0.24791086350974936
(8, 10, 34, 37, 38)	 0.44943820224719094
(2, 8, 49, 51)	 0.18315789473684213
(53, 72, 80)	 0.23013698630136986
(48, 67, 68)	 0.16597510373443983
(5, 10, 27)	 0.2922374429223744
(3, 16, 22, 25)	 0.3542857142857142
(4, 10)	 0.10283687943262411
(73, 76)	 0.13256006628003314
(29, 38, 71)	 0.24206349206349204
(12, 18, 23, 30, 36)	 0.32569974554707376
(71, 74, 86)	 0.16135084427767354
(1, 59, 71)	 0.21515434985968196
(16, 18, 40)	 0.27829313543599254
(3, 10, 83)	 0.18971061093247588
(3, 77, 104)	 0.22376009227220303
(13, 20, 23, 24, 25)	 0.4314868804664722
(16, 24, 79)	 0.18086956521739134
(72, 126)	 0.14905450500556172
(22, 47, 54)	 0.19119496855345913
(7, 16, 56)	 0.18576779026217227
(85, 106, 124)	 0.28169014084507044
(2, 6, 8, 103)	 0.2689075630252101
(1, 9, 11, 64)	 0.322061191626409
(57, 62, 67)	 0.19400352733686066
(1, 2, 4, 15, 16)	 0.09183673469387756
(65, 87, 89)	 0.2614942528735632
None	 0
(20, 25, 45)	 0.2533692722371968
(6, 11, 22, 37)	 0.16149068322981366
(82, 83, 89)	 0.22617534942820836
(2, 49, 80)	 0.2719298245614035
(3, 28, 29)	 0.4067796610169491
(44, 51, 52)	 0.14588235294117646
(4, 17, 31, 51)	 0.28270676691729324
(9, 16, 19, 25)	 0.273037542662116
(99, 126)	 0.18147448015122872
None	 0
(3, 4, 54)	 0.25327510917030566
(34, 41, 44)	 0.19878997407087293
(11, 36, 46)	 0.22720478325859494
(1, 17, 26, 28, 31)	 0.29023746701846964
(9, 13, 44)	 0.17423312883435585
(6, 14, 19, 27)	 0.3203125
(11, 17, 18, 32, 33)	 0.2555555555555556
(3, 7, 15, 26)	 0.23425692695214104
(2, 50, 58)	 0.11394557823129252
(1, 2, 12, 14, 23)	 0.2926829268292683
(1, 3, 6, 7, 8)	 0.31654676258992803
(1, 2, 4, 5, 23)	 0.3010204081632653
(9, 17, 24, 30, 34)	 0.1691394658753709
(1, 7, 20, 27, 31)	 0.656
(3, 8, 9)	 0.18561484918793505
(3, 9)	 0.2826666666666666
(6, 8, 26)	 0.12467191601049869
(8, 12, 19, 21, 23)	 0.31197771587743733
(6, 10, 11, 13, 24)	 0.30952380952380953
(9, 12, 14, 33)	 0.2189473684210526
(21, 29, 38, 41, 46)	 0.30203045685279184
(1, 3)	 0.21333333333333332
(1, 8, 16, 18)	 0.3025210084033613
(0, 2, 3, 5)	 0.16
(7, 28, 32, 33)	 0.15435139573070608
(2, 19, 25, 26)	 0.24137931034482757
(1, 3, 6, 8, 30)	 0.34034416826003827
(1, 2, 5, 11, 12)	 0.34657039711191334
(10, 15, 32)	 0.10420168067226891
(1, 42, 61)	 0.2265321955003879
(4, 7)	 0.189873417721519
(0, 22, 29)	 0.148068669527897
(3, 5, 6, 9, 25)	 0.14847161572052403
(10, 12, 59)	 0.28907563025210087
(7, 9, 11, 25)	 0.26392961876832843
(1, 15, 22, 36)	 0.20129870129870125
(7, 8, 18, 23)	 0.17745803357314147
(2, 3, 5, 14, 15)	 0.26905829596412556
(1, 5, 11)	 0.18253968253968256
(5, 8, 11, 19, 20)	 0.2696177062374246
(1, 4, 6, 14, 22)	 0.30648330058939094
(3, 11, 12, 14, 16)	 0.3770739064856712
(3, 5, 11, 14, 16)	 0.36795252225519287
(8, 29, 33, 44)	 0.3248259860788863
(8, 21, 24, 42)	 0.26578073089701
(0, 3, 8, 12, 23)	 0.277602523659306
(0, 4, 7, 24, 28)	 0.23163841807909608
(8, 12, 15, 18, 19)	 0.18122977346278318
(41, 42, 43, 45)	 0.21305841924398625
(4, 16, 34)	 0.23672230652503795
(32, 36, 40, 41)	 0.19455252918287938
(6, 22, 29, 76)	 0.36050156739811917
None	 0
(34, 47, 50)	 0.18842729970326408
(20, 34, 54)	 0.20437956204379562
(1, 5, 27, 28, 29)	 0.15625
(7, 8)	 0.168600154679041
(9, 43, 87)	 0.2269861286254729
(7, 64, 80)	 0.16728167281672818
(1, 23, 43, 47, 53)	 0.23115577889447236
(29, 30, 33, 37, 38)	 0.481203007518797
(25, 30, 33, 56, 61)	 0.34508348794063076
(1, 22, 37)	 0.1417797888386124
(3, 22, 27, 45)	 0.20399113082039913
(22, 45, 58, 61)	 0.3052959501557633
(53, 55, 63)	 0.19940179461615157
(2, 12, 14, 19, 28)	 0.235042735042735
(1, 4, 105)	 0.1385869565217391
(1, 16, 30, 32)	 0.16779431664411368
(1, 45, 56, 59, 60)	 0.4330708661417323
(15, 37, 77)	 0.2526837324525186
(64, 90, 98)	 0.2767295597484277
(1, 9, 10, 16, 38)	 0.34649122807017546
(1, 27, 47)	 0.25301204819277107
(37, 43, 48)	 0.16294349540078845
(6, 8, 14)	 0.34375
(1, 52, 112)	 0.15639374425022998
(30, 31, 67)	 0.17433414043583537
(3, 47, 61)	 0.2357320099255583
(2, 5)	 0.18497109826589594
(1, 59, 74)	 0.29984544049459044
(16, 22, 24, 26)	 0.2493887530562347
(10, 11, 12, 13, 16)	 0.2828784119106699
(47, 76, 89)	 0.18348623853211007
(3, 4, 6, 11)	 0.2074074074074074
(2, 12, 26)	 0.1688073394495413
(44, 47, 49)	 0.1543859649122807
(31, 34, 50)	 0.22321428571428573
(34, 35, 78)	 0.22358722358722358
(26, 59, 62)	 0.2011173184357542
(8, 9, 30)	 0.1564327485380117
(3, 68, 105)	 0.21944444444444447
(5, 12, 40, 42)	 0.29160063391442154
(27, 58, 84)	 0.14982164090368608
(10, 11, 12, 13, 35)	 0.2683982683982684
(42, 54, 62)	 0.13774104683195593
(43, 54)	 0.17971014492753623
(1, 4, 6, 7, 17)	 0.18214936247723132
(5, 16, 65)	 0.2624544349939246
(33, 42, 63)	 0.27259259259259255
(1, 4, 5, 8, 39)	 0.18493150684931506
(2, 5, 8, 14, 15)	 0.41860465116279066
(12, 13, 22)	 0.2
(24, 104, 107)	 0.09878542510121456
(0, 1)	 0.14678899082568808
(6, 7, 8, 18)	 0.2638888888888889
(20, 29, 54)	 0.15789473684210528
(56, 57)	 0.19919028340080971
(1, 4, 18, 31)	 0.22727272727272727
(17, 22, 23)	 0.24621212121212124
(11, 15, 74)	 0.21793103448275863
(67, 75, 101)	 0.22872827081427266
(8, 10)	 0.45454545454545453
(1, 6, 10, 12, 16)	 0.3459459459459459
(7, 9, 99)	 0.1504237288135593
(16, 33, 34, 45)	 0.22999999999999998
(8, 18, 42, 54, 65)	 0.3828451882845188
(32, 35, 44, 45, 56)	 0.28079710144927533
(1, 22, 27, 33)	 0.18773466833541927
(76, 129)	 0.16580310880829016
(6, 16, 17, 18, 25)	 0.3839541547277937
(11, 24, 47)	 0.29166666666666663
(41, 72, 76)	 0.21262458471760798
(4, 7, 62)	 0.19076005961251863
(46, 49, 144)	 0.16248919619706134
(2, 3, 56)	 0.2349869451697128
(1, 4, 7, 18, 29)	 0.30927835051546393
(5, 104, 119)	 0.14246196403872755
(39, 40, 48)	 0.17796610169491522
(27, 44, 60)	 0.15837104072398192
(50, 58, 63)	 0.23747680890538037
(4, 93, 96)	 0.24928639391056137
(24, 32, 36, 44)	 0.3137254901960784
(29, 43, 68)	 0.16851063829787236
(15, 47, 112)	 0.18940248027057496
(1, 11)	 0.5051546391752577
(4, 24, 27)	 0.5269841269841271
(2, 3, 9, 10, 20)	 0.18905472636815918
(0, 2, 19, 32, 49)	 0.27411167512690354
(34, 37, 41)	 0.3171987641606591
(10, 16, 21, 25, 29)	 0.31985294117647056
(46, 47, 55)	 0.26058631921824105
(7, 8, 92)	 0.2309124767225326
(1, 22, 54)	 0.1955104996379435
(167, 178)	 0.13386880856760375
(7, 33, 89)	 0.14762386248736095
(5, 98, 102)	 0.26580226904376014
(26, 32, 59, 79)	 0.32061068702290074
(1, 26, 36, 50, 58)	 0.2890756302521008
(3, 11, 54)	 0.15911193339500462
(26, 38, 53)	 0.18439716312056736
(27, 36, 46)	 0.29700598802395206
(19, 44, 46, 52)	 0.20839363241678727
(28, 62, 64)	 0.21348314606741572
(32, 57, 65)	 0.2545931758530183
(11, 26, 39, 43)	 0.22488755622188905
(13, 22, 41)	 0.2284569138276553
(0, 19, 35, 36, 41)	 0.34117647058823525
(6, 53, 121)	 0.2486772486772487
(1, 56, 58)	 0.20085470085470084
(57, 74, 105)	 0.13962635201573256
(24, 42, 56)	 0.1232349165596919
(5, 26, 134)	 0.1400329489291598
(2, 20, 42)	 0.19950940310711365
(4, 5, 6, 19, 37)	 0.3089700996677741
(3, 5, 6)	 0.11640211640211642
(52, 63, 69)	 0.20311341734618235
(7, 10, 12, 19)	 0.27724498692240623
(36, 54, 60)	 0.3148148148148148
(4, 5, 12, 14, 16)	 0.24233576642335766
(3, 8, 10, 15, 21)	 0.27253668763102723
(9, 14, 15, 19)	 0.3367697594501718
(4, 55, 58)	 0.19672131147540983
(3,)	 0.30588235294117644
(3, 16, 26, 29, 32)	 0.2618181818181818
(16, 19, 21, 47)	 0.3210332103321033
None	 0
(1, 4, 22)	 0.15022761760242795
(2, 5, 8)	 0.25438596491228066
(21, 26, 53)	 0.17218543046357615
(3, 60, 73)	 0.19494584837545129
(29, 38, 58)	 0.32044198895027626
(1, 4, 8, 29, 40)	 0.29250457038391225
(1, 100, 102)	 0.16260162601626016
(1, 40, 77)	 0.19554030874785594
(7, 17, 19)	 0.16945812807881774
(2, 3, 22, 24, 28)	 0.15761821366024517
(1, 2, 27, 32)	 0.25816993464052285
(1, 7, 54)	 0.16545718432510884
(62, 64, 66)	 0.15723873441994246
(99, 135, 148)	 0.1569620253164557
(2, 6, 15, 20)	 0.3529411764705882
(2, 8, 10, 17, 23)	 0.47540983606557374
(1, 8, 15, 18, 38)	 0.2660098522167488
(5, 6, 7, 9, 22)	 0.3064250411861615
(39, 42, 43)	 0.21895861148197596
(3, 60, 66, 76)	 0.25967540574282144
(1, 3, 7, 37)	 0.29971988795518206
(3, 108)	 0.055674518201284794
(4, 12, 13, 24, 25)	 0.14285714285714285
(6, 20, 24, 36, 39)	 0.26666666666666666
(1, 6, 77)	 0.12558575445173384
(56, 59, 67)	 0.21685082872928174
(0, 9, 19, 28)	 0.2483221476510067
(3, 11, 13, 17, 23)	 0.31277533039647576
(5, 51, 59)	 0.18053596614950632
(3, 7, 9)	 0.05660377358490566
(2, 13, 16, 17, 18)	 0.1627906976744186
(4, 24, 121)	 0.2063953488372093
(6, 20, 24, 26, 28)	 0.32701421800947866
(12, 14, 30)	 0.33271719038817005
(13, 17, 60, 93)	 0.13831258644536654
(19, 23, 30, 40)	 0.3380726698262243
(11, 48, 64)	 0.19810040705563095
(12, 16, 19, 48)	 0.2931228861330327
(14, 15, 86)	 0.22750424448217316
(13, 77, 101)	 0.15711252653927812
(15, 33, 75)	 0.1702127659574468
(12, 14, 24, 50)	 0.26258992805755393
(0, 5, 7, 9, 18)	 0.20952380952380953
(21, 28, 37, 44)	 0.3127753303964758
(3, 5, 11, 31)	 0.24722222222222223
(4, 13, 16)	 0.16568047337278105
(108, 111, 122)	 0.16779661016949154
(45, 55, 71)	 0.14641744548286603
(3, 6, 12)	 0.22793296089385476
(0, 27, 34, 37)	 0.24878836833602583
(11, 74, 86)	 0.215311004784689
(7, 9, 13, 23)	 0.2510548523206751
(2, 3, 5, 22)	 0.175054704595186
(21, 29, 97)	 0.17134831460674155
(6, 32, 41)	 0.13918305597579425
(1, 17, 50, 57, 62)	 0.2333333333333333
(0, 20, 29)	 0.1929824561403509
(21, 22, 24, 41)	 0.338368580060423
(6, 20, 21, 25, 27)	 0.2440087145969499
(7, 21, 27, 91)	 0.2631578947368421
(16, 17)	 0.37410071942446044
(6, 13, 17)	 0.26506024096385544
(1, 3, 15, 24, 28)	 0.22395833333333334
(2, 9, 55)	 0.3299319727891156
(2, 9, 10, 17, 18)	 0.21
(3, 22, 26, 39)	 0.2748643761301989
(10, 14, 15, 16, 18)	 0.20069204152249134
(38, 61, 95)	 0.23634336677814938
(48, 64, 66, 72)	 0.3155818540433925
(1, 2, 5, 7, 8)	 0.13538461538461535
(1,)	 0.0967741935483871
(1, 27, 42, 58)	 0.31456953642384106
(3, 4, 49)	 0.3165680473372781
(5, 62, 65)	 0.15280898876404495
(2, 5, 18)	 0.25142857142857145
(5, 8, 13, 15, 21)	 0.2651162790697674
(1, 2, 7, 10)	 0.2346368715083799
(3, 13, 15, 27, 37)	 0.27906976744186046
(6, 24, 45)	 0.23170731707317072
(1, 16, 17)	 0.15384615384615385
(7, 8, 11, 12, 13)	 0.24154589371980678
(2, 5, 6, 9)	 0.28373702422145325
(3, 4, 6, 7, 10)	 0.3197026022304833
(51, 60, 89)	 0.19880239520958085
(23, 31, 44)	 0.1836734693877551
(1, 4, 6, 13, 15)	 0.07567567567567568
(6, 36, 43, 51)	 0.20654044750430292
(1, 4, 20, 42, 45)	 0.1783876500857633
(49, 65, 76)	 0.18587360594795538
(55, 77, 91)	 0.23661971830985917
(35, 52, 99)	 0.165489404641776
(1, 30, 32, 34, 38)	 0.33394495412844033
(34, 116, 119)	 0.1934065934065934
(52, 75, 80)	 0.1643835616438356
(1, 20, 24, 30, 36)	 0.2536687631027254
(4, 10, 11, 13, 14)	 0.1422924901185771
(14, 44, 134)	 0.11686390532544379
(9, 13, 14, 15)	 0.17857142857142858
(39, 49, 70)	 0.1738035264483627
(41, 54, 66)	 0.20855614973262032
(2, 3, 6, 16, 18)	 0.1134020618556701
(7, 37, 72)	 0.1522491349480969
(2, 3, 5)	 0.23684210526315788
(1, 20, 21, 30)	 0.2570593962999026
(1, 41, 53)	 0.17543859649122806
(21, 42, 51, 63)	 0.2874074074074074
(8, 13, 90)	 0.2341772151898734
(25, 37, 45)	 0.17046818727491
(10, 23, 50)	 0.22756005056890014
(3, 9, 16)	 0.2209302325581395
(8, 9, 10, 18, 19)	 0.22159090909090912
(3, 9, 58)	 0.17183770883054894
(14, 17, 20, 23)	 0.2339373970345964
(43, 44, 71)	 0.13924050632911392
(5, 33, 47, 68)	 0.24066390041493776
(17, 26, 30, 31, 43)	 0.16455696202531647
(16, 28, 29)	 0.2421875
(1, 3, 35)	 0.25806451612903225
(22, 25, 40)	 0.20743639921722115
(32, 58, 65)	 0.24817518248175177
(2, 3, 14, 18, 26)	 0.3585434173669468
(16, 17, 25)	 0.26817042606516295
(15, 25, 27, 30)	 0.2376237623762376
(1, 2, 7, 9, 11)	 0.17964071856287425
(2, 7, 30)	 0.18487394957983194
(10, 12)	 0.267515923566879
(8, 33, 34, 36)	 0.18843683083511775
(23, 25, 54)	 0.16898395721925133
(1, 3, 5, 10, 11)	 0.26578073089701
(1, 2, 6, 13)	 0.13157894736842105
(11, 32, 34)	 0.33333333333333337
(1, 4, 5, 27, 30)	 0.2248803827751196
(3, 4, 14)	 0.21739130434782608
(1, 3, 23, 31)	 0.15384615384615383
(9, 37, 41, 46)	 0.2920962199312715
(1, 2, 4, 5, 9)	 0.14457831325301204
(8, 15, 19, 20)	 0.2200956937799043
(7, 9, 12, 15)	 0.16666666666666669
(3, 10, 14, 19, 25)	 0.21108179419525067
(61, 69, 71)	 0.24226110363391656
(32, 51, 53)	 0.12064965197215777
(5, 6, 9, 21, 23)	 0.21656050955414013
(1, 4, 5, 8, 19)	 0.17630853994490356
(1, 4, 35, 36, 37)	 0.16901408450704225
(12, 13)	 0.22988505747126436
(7, 12, 47, 48)	 0.2302158273381295
(15,)	 0.05714285714285715
(11, 34, 53)	 0.17446270543615677
(3, 4, 41, 43)	 0.26724137931034486
(6, 7, 8, 38)	 0.20179372197309417
(19, 38, 49)	 0.17611336032388664
(3, 4, 5, 9, 11)	 0.2037914691943128
(1, 5, 12, 15, 17)	 0.20050125313283207
(7, 10, 15)	 0.32432432432432434
(5, 8, 15, 31)	 0.1678004535147392
(7, 8, 10)	 0.2105263157894737
(5,)	 0.08771929824561403
(18, 25, 26, 27, 29)	 0.22844827586206895
(1, 2, 6, 12, 19)	 0.17543859649122806
(15, 20, 21, 26, 29)	 0.214168039538715
(30, 33, 65)	 0.33882352941176475
(32, 52, 53)	 0.30441400304413996
(1, 2, 49)	 0.2246575342465754
(19, 47, 48)	 0.25
(1, 2, 13, 17)	 0.279383429672447
(26, 27, 33, 44)	 0.2920203735144313
(1, 7, 13, 23, 27)	 0.22372881355932203
(2, 4, 7)	 0.2433234421364985
(2, 12, 58)	 0.1340782122905028
(2, 21, 22, 25, 30)	 0.16453382084095064
(11, 12, 18, 30)	 0.2551440329218107
(0, 1, 9, 10, 18)	 0.2391304347826087
(3, 4, 8, 19, 23)	 0.33186813186813185
(7, 27, 50)	 0.1452991452991453
(11, 13, 22, 33, 34)	 0.16334283000949668
(1, 2, 4, 6, 9)	 0.18241042345276873
(24, 31, 33, 48)	 0.21077283372365338
(1, 4, 9)	 0.23050847457627116
(7, 24, 39)	 0.15709261430246188
(23, 29, 34, 39)	 0.22661396574440054
(4, 14)	 0.08823529411764705
(26, 50, 64)	 0.31238095238095237
(8, 17, 24, 25)	 0.268733850129199
(4, 7, 9, 11)	 0.2299465240641711
(10, 14, 17, 23, 24)	 0.12785388127853883
(11, 12, 28)	 0.10074626865671643
(30, 35, 48, 51)	 0.20239190432382703
(1, 3, 5, 24, 32)	 0.23976608187134502
(4, 5, 6, 9, 10)	 0.25181598062953997
(12, 17, 26)	 0.28413793103448276
(1, 8, 9)	 0.17454545454545453
(1, 20, 28, 42)	 0.18403247631935046
(3, 20, 54)	 0.15286624203821655
(6, 7, 33)	 0.22992392223161454
(12, 15, 110)	 0.17907949790794983
(3, 12, 20)	 0.2757871878393051
(1, 17)	 0.03636363636363636
(0, 5, 8, 12)	 0.2639821029082774
(1, 4, 18, 19, 62)	 0.1607142857142857
(1, 9, 52)	 0.13894200127469725
(1, 18, 21, 23, 26)	 0.2684931506849315
(62, 67, 68)	 0.20875420875420875
(0, 11, 22, 28)	 0.23684210526315788
(1, 3, 12, 17, 18)	 0.2749326145552561
(15, 16, 18, 41)	 0.2
(21, 26, 37, 42)	 0.21689059500959695
(1, 5, 9, 19, 28)	 0.2107481559536354
(2, 5, 10, 11, 13)	 0.23958333333333334
(1, 3, 25, 34)	 0.3016759776536313
(1, 11, 23, 30)	 0.3420074349442379
(3, 4, 17, 27, 29)	 0.1806020066889632
(1, 27, 28, 44)	 0.13818181818181818
(1, 3, 6, 50)	 0.21008403361344535
(0, 11, 12, 33, 43)	 0.11744386873920552
(1, 2, 3, 5, 17)	 0.3132530120481928
(5, 12, 17, 38)	 0.2714932126696833
(1, 8, 15, 28)	 0.25824175824175827
(1, 3, 6, 18)	 0.14511041009463724
(2, 12, 47)	 0.14232209737827717
None	 0
(10, 45, 50)	 0.21062106210621062
(1, 3, 10, 11, 17)	 0.1206896551724138
(1, 10, 16, 20)	 0.21333333333333335
(11, 17, 42, 56)	 0.27986348122866894
(4, 12, 75)	 0.16589861751152074
(1, 5, 7, 12, 17)	 0.13768115942028983
(13, 16, 19)	 0.19076923076923075
(19, 67, 74)	 0.14754098360655737
(2, 6, 10, 23, 34)	 0.17567567567567566
(3, 4, 14, 22, 24)	 0.21861152141802068
(2,)	 0.1694915254237288
(93, 98, 112)	 0.15384615384615385
(8, 13, 16, 17, 20)	 0.29101283880171186
None	 0
(1, 11, 21, 30, 35)	 0.2575452716297787
(21, 25, 35, 36)	 0.19077901430842606
(1, 2, 5, 6, 11)	 0.20253164556962025
(4, 46, 47, 55)	 0.1649746192893401
None	 0
(26, 27, 30, 33, 34)	 0.15533980582524273
(8, 15, 23, 27, 35)	 0.23491027732463293
(7, 13, 46)	 0.19027921406411585
(1, 13, 14, 26)	 0.3127962085308057
(10, 15, 23, 28)	 0.250536864710093
(9, 17, 18)	 0.1595959595959596
None	 0
(1, 10, 12, 18, 29)	 0.257558790593505
(11, 19, 48)	 0.17661097852028637
(4, 5, 12, 22, 28)	 0.16455696202531644
(4, 59, 63)	 0.14725568942436412
(0, 5, 10, 12, 22)	 0.18087855297157623
(15, 41, 49)	 0.2086438152011923
(1, 2, 3, 16, 23)	 0.18076923076923077
(26, 28, 33, 34)	 0.2755102040816327
(6, 14, 16, 17, 21)	 0.18859649122807015
(1, 11, 20, 27, 29)	 0.27176220806794055
(1, 4, 8, 13, 15)	 0.2260869565217391
(1, 5, 10, 11, 27)	 0.21978021978021978
(42, 61, 65)	 0.1984496124031008
(2, 46, 77)	 0.13205907906168549
(1,)	 0.21875
None	 0
(3, 4, 17, 21, 45)	 0.19336219336219337
(6, 8, 18, 19, 20)	 0.14521452145214522
(11, 17, 19, 31, 34)	 0.21584385763490244
(56, 64, 66)	 0.1111111111111111
(12, 13, 17, 21, 24)	 0.29004329004329005
(22, 27, 29, 30, 31)	 0.24478442280945759
(6, 7)	 0.1333333333333333
(1, 2, 46, 53)	 0.14024390243902438
(1,)	 0.09090909090909091
(3, 29, 40)	 0.20390455531453366
(4, 7, 10, 13, 16)	 0.24509803921568626
(1, 7, 17, 20, 22)	 0.2039045553145336
(10, 28, 32, 42)	 0.26330532212885155
(5, 6, 8, 12, 27)	 0.2597402597402597
(47, 50, 51)	 0.19235836627140976
(1, 8, 80)	 0.12845138055222088
(23, 25, 27, 29)	 0.16054421768707483
(17, 28, 42)	 0.164021164021164
(5, 11, 16, 19, 24)	 0.12912912912912913
(25, 31, 35, 39)	 0.16842105263157892
(15, 17, 41)	 0.21719457013574658
(29, 31, 37)	 0.2663934426229508
(5, 7, 9, 13, 14)	 0.27096774193548384
(2, 7, 8, 14, 17)	 0.19767441860465118
(1, 4, 8, 9, 12)	 0.2291325695581015
(7, 11, 62)	 0.14603174603174604
(3, 5, 17, 48)	 0.2906178489702517
(6, 12, 86)	 0.15527950310559005
(51, 53, 56)	 0.1070840197693575
None	 0
(2, 3)	 0.029197080291970795
(4, 13, 17)	 0.20359281437125748
(20, 21, 24, 27, 30)	 0.20183486238532108
(2, 11, 13, 19, 25)	 0.26647564469914037
(1, 24, 37, 48)	 0.23776223776223776
(20, 71, 74)	 0.16730621642363777
(4, 32, 38, 40)	 0.16432865731462926
(4, 7, 18, 21, 23)	 0.12853470437017997
(12, 20, 26, 35)	 0.20139860139860138
