(53, 55)	 0.16157205240174674
(48, 52, 113)	 0.22966507177033493
(79, 113)	 0.38153846153846155
(4, 8, 14)	 0.18351477449455675
(1, 55, 78)	 0.3236514522821577
(3, 10, 11, 15)	 0.12804878048780488
(34, 40, 53)	 0.14014598540145984
(2, 15, 18, 23, 29)	 0.11688311688311688
(2, 5, 6, 10, 23)	 0.25384615384615383
(5, 11, 33, 42)	 0.1939655172413793
(8, 32, 64)	 0.13983739837398376
(1, 7, 10, 16, 18)	 0.17358490566037735
(6, 48, 49)	 0.1768707482993197
(4, 10, 12, 14, 19)	 0.18003913894324855
(14, 46, 48)	 0.11400247831474597
(3, 7, 15, 20, 25)	 0.11255411255411255
(9, 11, 12, 14, 17)	 0.1273209549071618
(1, 30, 45)	 0.1981981981981982
(5, 8, 10, 11)	 0.1306818181818182
None	 0
(1, 5, 6, 8, 10)	 0.23809523809523808
(2, 3, 4, 5, 12)	 0.1198501872659176
(2, 3, 4, 11, 14)	 0.1512605042016807
(2, 3, 12, 15, 19)	 0.17107942973523424
(4, 5, 66)	 0.16165413533834586
(2, 11, 30, 46)	 0.2678571428571429
(4, 28, 29)	 0.18738518064911203
(3, 7, 19)	 0.19936373276776248
(1, 4, 17, 45)	 0.16939890710382513
(8, 12, 15, 27, 28)	 0.25098039215686274
(1, 7, 39)	 0.17777777777777776
(1, 12, 20, 22, 29)	 0.1586206896551724
(16,)	 0.1511627906976744
(1, 6)	 0.30115830115830117
(1, 13, 17)	 0.19047619047619047
(2, 3, 14, 17, 21)	 0.1382198952879581
(19, 102, 103)	 0.0768025078369906
(1, 4)	 0.14492753623188406
(1, 2, 4, 10, 18)	 0.21749408983451538
(0, 9, 34, 42)	 0.19795221843003416
(16, 17, 45, 64)	 0.1312127236580517
(0, 49, 52, 54)	 0.12264150943396225
(1, 2, 3, 61)	 0.2192982456140351
(5, 16, 24, 36, 42)	 0.15810276679841895
(1, 3, 8, 22, 31)	 0.17434210526315788
(1, 6, 12, 15, 19)	 0.14505494505494507
(2, 9)	 0.07142857142857142
(3, 4, 8, 10)	 0.16666666666666666
(1, 18, 32, 36)	 0.19120458891013384
(10, 15, 29)	 0.16613418530351437
(6, 8, 10, 66)	 0.22993492407809113
(1, 3, 6, 10, 21)	 0.2158273381294964
(2, 16, 21, 27, 30)	 0.1064638783269962
(5, 8, 11)	 0.13526570048309178
(16, 89, 103)	 0.1834862385321101
(2, 5, 6, 7, 24)	 0.19999999999999998
(2, 3)	 0.28292682926829266
(8, 21, 22, 24, 25)	 0.20779220779220775
(1, 2, 10, 20)	 0.1726315789473684
(1, 5, 77)	 0.22364217252396168
(43, 105)	 0.21719457013574658
(1, 38, 57)	 0.10514018691588785
(1, 105)	 0.2589928057553957
(51, 52, 113)	 0.21527777777777776
(2, 102)	 0.2873563218390805
(100, 110)	 0.14311270125223613
(1, 54, 75)	 0.38369304556354916
(1, 71, 74)	 0.23975720789074356
(0, 2, 4)	 0.3113207547169811
(41, 68)	 0.17624521072796934
(2, 4, 5)	 0.3259668508287293
(1, 2, 47)	 0.3225806451612903
(87, 103)	 0.254054054054054
(0, 66, 102)	 0.38532110091743116
(8, 74, 104)	 0.2696629213483146
(1, 2, 26)	 0.296
(1, 132)	 0.19375000000000003
(3, 52, 68)	 0.3102625298329355
(1, 43, 64)	 0.18947368421052632
(1, 15, 16, 21)	 0.2818428184281843
(22, 35)	 0.2236842105263158
(1, 3, 89)	 0.2562814070351759
(1, 3, 100)	 0.26537216828478966
(44, 47, 50)	 0.38641188959660294
(1, 50, 110)	 0.20704845814977973
(7, 8)	 0.33440514469453375
(0, 3, 13, 15, 20)	 0.13569321533923304
(2, 16, 17, 33, 34)	 0.1951219512195122
(2, 6, 27, 33)	 0.2627118644067797
(21, 22, 26, 27)	 0.16756756756756758
(0, 74, 76)	 0.18381112984822934
(1, 2, 38)	 0.1739130434782609
None	 0
(1, 102)	 0.17993079584775087
(39, 50, 67)	 0.3275862068965517
(32, 44, 74)	 0.16222222222222224
(1, 13, 41)	 0.2817679558011049
(11, 16)	 0.334384858044164
(10, 17, 40)	 0.19105691056910568
(16, 18, 19, 20)	 0.2765273311897106
(2, 6, 10, 11)	 0.19354838709677422
(8, 11, 16, 19, 22)	 0.3007915567282322
(5,)	 0.08695652173913043
(3, 4, 5, 7, 32)	 0.18229166666666669
(0, 3, 4, 16, 22)	 0.15
(10, 22)	 0.3059490084985836
(1, 3, 11, 12, 28)	 0.13881748071979436
(5, 6, 20, 33)	 0.1639928698752228
(7, 11, 15, 21, 28)	 0.21321961620469082
(1, 4, 6, 14, 24)	 0.1722222222222222
(3, 6, 14, 27, 28)	 0.17665615141955834
(2, 10, 20, 24, 38)	 0.27461139896373055
(1, 2, 11, 16, 18)	 0.17714285714285713
(5, 6, 12, 22)	 0.15124153498871332
(1, 8, 15)	 0.2558746736292428
(1, 4, 8)	 0.11805555555555557
(27, 59, 62)	 0.1689785624211854
(1, 5, 11, 23)	 0.19801980198019803
(6, 11, 28, 33)	 0.22006472491909387
(1, 11, 13, 15, 24)	 0.21978021978021978
(3, 16, 17, 46)	 0.18435155412647375
(1, 18, 20)	 0.3371104815864022
(27, 54, 73)	 0.17177914110429446
(49, 58, 59)	 0.1518624641833811
(1, 15, 108)	 0.19694868238557556
(0, 12, 16, 35, 36)	 0.22418879056047203
(27, 33, 37, 43)	 0.15137614678899083
(1, 7, 24, 28, 33)	 0.1506276150627615
(18, 19, 20, 21, 28)	 0.265625
(10, 23, 41)	 0.10473313192346426
(4, 6, 16, 17)	 0.26900584795321636
(1, 19, 22, 26, 28)	 0.13793103448275862
(3, 12, 20, 27, 29)	 0.2786596119929453
(1, 4, 10, 38)	 0.1795918367346939
(6, 7, 18, 29)	 0.2216494845360825
(57, 64, 67)	 0.18323586744639375
(6, 7, 14, 16)	 0.21818181818181814
(11,)	 0.05555555555555556
(1, 7, 14, 18, 20)	 0.15045871559633026
(11, 14, 22, 35, 41)	 0.24217118997912318
(1, 5, 54)	 0.1955193482688391
(5, 9, 15, 16)	 0.22699386503067484
(4, 17, 23, 39)	 0.23802612481857766
(3, 51, 61)	 0.15419501133786848
(1, 2, 4, 5)	 0.27990970654627534
(18, 21, 42)	 0.209366391184573
(1, 4, 8, 10)	 0.14400000000000002
(1, 56, 58)	 0.14375
(1, 4, 13, 14, 16)	 0.13651877133105803
(4, 7, 8, 10)	 0.19195046439628483
(4, 10, 12, 14, 16)	 0.1947194719471947
(1, 2, 9, 31)	 0.20178799489144317
(1, 5, 10, 16, 21)	 0.23121387283236997
(27, 47, 57)	 0.15703380588876775
(13, 18, 22, 23)	 0.15041782729805012
(1, 51, 72)	 0.16183574879227056
(9, 63, 65)	 0.14906832298136646
(4, 6, 27, 37)	 0.15061295971978986
(1, 29, 35, 46)	 0.174496644295302
(10, 18, 34)	 0.14963503649635038
(1, 4, 5, 23, 28)	 0.13888888888888887
(3, 7)	 0.14965986394557826
(0, 3, 21, 47)	 0.19226260257913247
(21,)	 0.07547169811320754
(1, 3, 9)	 0.3414634146341463
(24, 43, 47)	 0.1689730517115805
(1, 4, 10, 14, 23)	 0.08943089430894309
(1, 2, 3, 6, 7)	 0.22344322344322343
(5, 6, 7, 10, 11)	 0.1509433962264151
(44, 100, 103)	 0.09674861221252976
(1, 12, 19, 52)	 0.24137931034482757
(6, 10, 11)	 0.047244094488188976
(8, 21, 23, 24)	 0.20422535211267606
(8, 14, 53)	 0.12915851272015658
(13, 28, 72)	 0.14174589455488334
(5, 10, 11, 14, 20)	 0.2857142857142857
(1, 9)	 0.09210526315789473
(31, 36, 38)	 0.17266187050359713
(2, 8, 12, 49)	 0.254957507082153
(7, 12, 22, 30)	 0.15224191866527634
(0, 54, 70)	 0.14305177111716622
(3, 9, 12, 14, 22)	 0.22867513611615245
(4, 5, 7, 8)	 0.30522765598650925
(4, 9)	 0.18045112781954886
(3,)	 0.11475409836065575
(30, 31, 39)	 0.21120689655172412
(2,)	 0.0975609756097561
(0, 13, 35, 47)	 0.20452640402347028
(1, 3, 7, 8, 9)	 0.15730337078651688
(1, 14, 20, 24, 33)	 0.1933534743202417
(1,)	 0.21757322175732216
(0, 1, 10)	 0.15254237288135594
(19, 25, 53)	 0.125
(1, 5, 11, 12)	 0.16931216931216933
(46, 54, 55)	 0.16242424242424244
(8, 11, 13, 23)	 0.4168012924071082
(43, 71, 74)	 0.13023255813953488
(1, 36, 43, 50)	 0.261455525606469
(4, 69, 76)	 0.1709577754891864
(1, 5, 14, 17, 18)	 0.1442622950819672
(3, 8, 11, 17, 22)	 0.2536231884057971
(3, 10, 23, 33)	 0.24010217113665389
(4, 34, 41, 59)	 0.18143459915611818
(1, 23, 29, 38)	 0.20827389443651925
(3, 6, 50)	 0.13608748481166463
(1, 4, 5, 10, 12)	 0.15
(6, 8)	 0.08888888888888889
(3, 8, 9)	 0.10769230769230768
(3, 24, 36)	 0.17002237136465326
(6, 34, 38, 41)	 0.2972027972027972
(8, 24, 52)	 0.17318435754189945
(1, 6, 11)	 0.13095238095238096
(9, 33, 39)	 0.1239193083573487
(35, 41, 47)	 0.09273840769903763
(1, 13, 29, 35)	 0.22343324250681199
(4, 5, 19, 29, 37)	 0.14736842105263157
(12, 13, 15, 16, 25)	 0.14930015552099535
(4, 9, 12, 22, 23)	 0.2054794520547945
(6, 24, 29, 36)	 0.2783018867924528
(2, 7, 9, 14, 15)	 0.10970464135021098
(1, 3, 7, 8, 12)	 0.19801980198019803
(9, 11, 14, 16)	 0.11059907834101383
(3, 14, 32)	 0.11904761904761904
(2, 13, 14, 15, 25)	 0.12466124661246611
(7, 41, 42)	 0.1967963386727689
(3, 8, 10, 12, 17)	 0.12918660287081338
(1, 38, 47)	 0.2228024369016536
(1, 103, 104)	 0.12286689419795221
(37, 38, 47)	 0.14452214452214454
(1, 20, 22, 42)	 0.23454833597464342
(2, 42, 54, 59)	 0.10206084396467124
(5, 15, 28)	 0.1749571183533448
(32, 52, 56)	 0.16367265469061876
(3, 29, 31, 33)	 0.1863799283154122
(5, 12, 15, 23, 31)	 0.21818181818181817
(2, 21, 26, 44)	 0.2382671480144404
(7, 101)	 0.16614090431125134
(1, 13, 17, 21)	 0.12206572769953052
(13, 38, 60)	 0.12824010914051842
(6, 11, 41)	 0.1390268123138034
(47, 52, 55)	 0.17094017094017094
(0, 3, 4, 7)	 0.1680672268907563
(7,)	 0.03773584905660378
(10,)	 0.05128205128205127
(3, 11, 12, 13)	 0.22788203753351208
(39, 46, 50, 53)	 0.1776937618147448
(1, 9)	 0.06557377049180327
(5, 7, 9, 11)	 0.36923076923076925
(15, 26, 57)	 0.1733505821474774
(1, 3, 15, 17, 18)	 0.17777777777777776
(10, 31, 41)	 0.13445378151260504
(15, 19, 34)	 0.1544943820224719
(2, 6, 22)	 0.21954484605087013
(29, 30, 48)	 0.13911060433295327
(3, 10, 33, 44)	 0.24390243902439027
(6, 10, 19)	 0.12686567164179105
(25, 37, 41)	 0.1456953642384106
(2, 9, 10, 22, 24)	 0.31213872832369943
(1, 7, 8, 9, 18)	 0.2613981762917933
(1, 18, 24, 26)	 0.25591397849462366
(1, 2, 55)	 0.2219178082191781
(68, 69, 73)	 0.17869415807560138
(25, 26, 28, 37)	 0.20081967213114754
(8, 14, 26, 29, 37)	 0.17632241813602015
(1, 13, 34, 49)	 0.19008264462809915
(6, 38, 57)	 0.2704081632653061
(2, 11, 43)	 0.23459915611814344
(1, 6, 11, 14, 16)	 0.1489971346704871
(21, 45, 58)	 0.13056379821958455
(8, 12, 15, 17, 18)	 0.26562500000000006
(29, 87, 92)	 0.10589112602535422
(7, 52, 57)	 0.12742382271468145
(1, 9, 12, 14)	 0.1445086705202312
(2, 11, 25)	 0.1702127659574468
(2, 8, 13, 23, 26)	 0.24161073825503354
(59, 84, 106)	 0.13138686131386862
(1,)	 0.03333333333333333
(2, 3, 33)	 0.14852320675105485
(7, 28, 38)	 0.17363344051446944
(4, 7, 13, 39)	 0.22121896162528218
(8, 13, 18, 20, 36)	 0.24864864864864866
(7, 42, 43)	 0.1941747572815534
(8, 100, 104)	 0.17543859649122806
(1, 5, 7)	 0.07218683651804672
(3, 5, 58)	 0.142433234421365
(23, 40, 47, 48)	 0.20134228187919462
(31, 55, 80)	 0.18115942028985507
(14, 50, 59)	 0.18615751789976134
(4, 29, 71)	 0.16606498194945848
(3, 17, 37)	 0.1492822966507177
(3, 5, 7, 16, 38)	 0.18965517241379312
(1, 11, 20, 51, 53)	 0.17526777020447906
(4,)	 0.1038961038961039
(4, 8, 21, 22, 24)	 0.19956616052060738
(12, 18, 32, 56)	 0.17624521072796934
(47, 56, 57)	 0.15017064846416384
(16, 19, 20)	 0.2793791574279379
(49, 52, 54)	 0.2563451776649746
(2, 4, 6, 8, 19)	 0.2105263157894737
(1, 7, 20)	 0.1966101694915254
(0, 2, 5, 10, 13)	 0.14685314685314685
(5, 8, 10, 18, 19)	 0.19154929577464788
(0, 5, 17)	 0.11533052039381153
(45, 63, 71)	 0.16494845360824742
(4, 5, 7, 19, 24)	 0.2074363992172211
(1, 12, 25, 26)	 0.1595547309833024
(6, 19, 68)	 0.19477434679334918
(4, 16, 23, 31)	 0.18984547461368656
(8, 33, 85)	 0.13753581661891115
(2, 18, 19, 20, 35)	 0.23772609819121446
(1, 7, 31, 32, 33)	 0.22508038585209003
(9, 22, 24)	 0.1778471138845554
(3, 6, 7, 9)	 0.10298102981029811
(4, 10, 14, 20)	 0.21875
(24, 27, 33)	 0.19530516431924883
(4, 9, 40)	 0.14989733059548255
(13, 14, 15, 19, 24)	 0.4507042253521127
(1, 9, 12)	 0.24399999999999997
(1,)	 0.0759493670886076
(1, 15, 19, 20)	 0.19313304721030042
(0, 13, 17, 20, 28)	 0.16851441241685142
(6,)	 0.12903225806451613
(1, 2, 9)	 0.08247422680412371
(1, 2, 7, 22, 27)	 0.14678899082568805
(3, 31, 46)	 0.11073446327683616
(1, 4, 9, 14, 15)	 0.19574468085106386
(3, 4, 5, 8, 15)	 0.3125
(3, 9, 47)	 0.09745454545454547
(6, 8, 25, 30, 35)	 0.23687752355316286
(24, 38, 48)	 0.21376518218623486
(18, 21, 31, 41)	 0.19907407407407404
(1, 2, 3, 47, 51)	 0.10232558139534882
(2, 10, 19, 21)	 0.40310077519379844
(1, 4, 56)	 0.21247113163972287
(14, 16, 17, 21)	 0.14762741652021089
(3, 4, 11)	 0.2476586888657648
(5, 11, 16, 17, 20)	 0.2914285714285714
(5, 6, 11)	 0.2702702702702703
(0, 19, 36)	 0.15932914046121593
(4, 9, 10, 46)	 0.12446351931330472
(47, 64, 71)	 0.17024221453287197
(4, 32, 36, 37)	 0.1602373887240356
(4, 5, 6, 7, 8)	 0.2619047619047619
(4, 7)	 0.10596026490066224
(8, 11, 18, 22)	 0.22179732313575526
(3, 19, 22, 25, 32)	 0.3468208092485549
(1, 10, 12, 17)	 0.22115384615384617
(2, 3, 7)	 0.13745704467353953
(11, 12, 14, 16)	 0.29317269076305225
(2, 8, 13, 21, 27)	 0.16666666666666669
(1, 14, 40, 41)	 0.26604068857589985
(23, 25, 40)	 0.12557427258805512
(5, 9, 35, 37, 39)	 0.1871750433275563
(2, 8, 18, 38)	 0.1414790996784566
(4, 11, 21, 35)	 0.20299500831946754
(5, 15, 40, 48)	 0.21993127147766323
(43, 56, 76)	 0.15807560137457047
(1, 3, 29)	 0.12219959266802444
(5, 6, 7)	 0.1688311688311688
(1, 2, 4)	 0.08211143695014662
(2, 3, 8, 9, 12)	 0.12269938650306748
(7, 29, 53, 58)	 0.16916488222698076
(10, 11, 24, 26)	 0.3529411764705882
(1, 2, 7, 12)	 0.22962962962962966
(1, 18, 54)	 0.1126461211477152
(3, 12, 14, 21)	 0.16933638443935928
(3, 4, 9, 13, 14)	 0.24078624078624078
(1, 5, 6, 16, 17)	 0.14942528735632185
(78, 85, 98)	 0.19478737997256515
(8, 15, 72)	 0.1441717791411043
(0, 22, 25, 26, 28)	 0.1174496644295302
(2, 22, 35, 45)	 0.12792511700468018
(35, 43, 55, 58)	 0.16095890410958905
(45, 70, 105)	 0.13164556962025314
(0, 4, 38, 44)	 0.10719322990126938
(44, 59, 69)	 0.24222222222222223
(1, 5, 7, 9, 10)	 0.149812734082397
(1, 4, 42, 67)	 0.24545454545454545
(2, 4)	 0.2905982905982906
(66, 71, 100)	 0.16701902748414377
(5, 7, 12, 14, 15)	 0.14634146341463414
(2,)	 0.07526881720430108
(1, 2, 7, 16, 20)	 0.14780600461893767
(0, 6, 7, 18, 19)	 0.14906832298136646
(1, 2, 6)	 0.18494623655913978
None	 0
(2, 5, 11, 14, 26)	 0.27129337539432175
(2, 10, 15, 18, 20)	 0.29957805907172996
(19, 28, 33, 35, 39)	 0.2010869565217391
(31, 46, 59)	 0.146163215590743
(3, 4, 10, 22, 25)	 0.13675213675213674
(1, 7, 9, 10, 13)	 0.11206896551724137
(56, 59, 64)	 0.17049180327868857
(17, 30, 94)	 0.19626168224299065
(1, 2, 3, 15, 29)	 0.18518518518518515
(1, 7, 12)	 0.13852813852813853
(2, 7, 10, 59)	 0.1986754966887417
(34, 47, 48)	 0.17234468937875752
(2, 5, 50)	 0.2346805736636245
(0, 22, 42)	 0.16666666666666666
(66, 88, 93)	 0.16201859229747675
(2, 4, 7, 8, 19)	 0.2360655737704918
(2, 3, 4, 12, 42)	 0.24902723735408563
(1, 35, 48)	 0.12761506276150625
(8, 9, 19, 22, 23)	 0.12844036697247707
(1, 4, 7, 10, 15)	 0.11746031746031746
(30, 37, 52, 55)	 0.1057934508816121
(2, 4, 34, 35)	 0.22309197651663404
(2, 14, 39, 56)	 0.07272727272727274
(7, 13, 14, 17, 24)	 0.18552875695732837
(1, 9, 11, 18, 20)	 0.1607717041800643
(1, 5, 34, 36, 39)	 0.13664596273291926
(7, 22, 64)	 0.2007722007722008
(4, 9, 14, 18, 20)	 0.23893805309734512
(1, 11, 12, 15, 24)	 0.1797323135755258
(23, 28, 68)	 0.11683848797250859
(113, 120, 122)	 0.2557823129251701
(3, 51, 56)	 0.18846694796061886
(12, 14, 33, 47)	 0.20740740740740743
(9, 14, 30, 31)	 0.18344519015659952
(1, 63, 110)	 0.1435523114355231
(33, 81, 82)	 0.16735537190082644
(3, 7, 8, 9)	 0.11336032388663968
(1, 8, 9, 11, 23)	 0.11745513866231648
(2, 3, 78)	 0.16346153846153846
(1, 20, 58)	 0.19950738916256158
(3, 7, 14, 15, 16)	 0.21100917431192662
(1, 5, 6, 10, 12)	 0.1419068736141907
(2, 4, 7, 12, 16)	 0.2026578073089701
(1, 4, 19, 33, 34)	 0.12678936605316973
(10, 17, 38)	 0.20866141732283464
(2, 3, 33, 42)	 0.24749163879598662
(2, 3, 7, 19)	 0.227027027027027
(3, 15, 17, 18, 19)	 0.07468879668049792
(1, 3, 6, 12, 17)	 0.12222222222222222
(1, 5, 11)	 0.03831417624521073
(1, 8, 10, 15, 21)	 0.1764705882352941
(4, 10, 11, 12, 35)	 0.2377622377622378
(1, 4, 6, 9)	 0.16326530612244897
(2, 10, 12, 17, 28)	 0.22845691382765534
(7, 9, 14, 25, 26)	 0.17587939698492464
(1, 13, 36, 45)	 0.15765069551777433
(5, 8)	 0.1794871794871795
(3, 4, 35, 37, 40)	 0.227330779054917
(5, 8, 9, 32)	 0.14417744916820702
(1, 3, 27, 28, 32)	 0.12084592145015108
(28, 31, 32, 43)	 0.22327044025157233
(3, 4, 9, 11, 19)	 0.15521064301552107
(1, 9, 10, 21)	 0.2046718576195773
(0, 1, 5, 14, 16)	 0.11231101511879049
(8, 9, 10, 11, 15)	 0.168141592920354
(2, 3, 16, 20)	 0.19689119170984454
(19, 33, 71)	 0.17852834740651388
(18, 20, 79)	 0.13733905579399142
(3, 8, 22, 37, 44)	 0.13215859030837004
(1, 10)	 0.169811320754717
(1, 12, 14, 18, 20)	 0.22264150943396227
(1, 3, 5, 8, 10)	 0.17128463476070527
(29, 32, 43)	 0.13808463251670378
(28, 41, 55)	 0.17021276595744683
(33, 39, 56)	 0.25065274151436034
(2, 11, 13, 15)	 0.24210526315789474
(4, 10, 11, 12, 13)	 0.16842105263157894
(8, 10, 47)	 0.1916842847075405
(1, 16, 32, 35, 42)	 0.1615720524017467
(1, 4, 13, 21, 31)	 0.2112211221122112
(8, 20, 32)	 0.14329580348004095
None	 0
(2, 3, 8, 9, 10)	 0.19834710743801653
(0, 1, 8, 10, 13)	 0.11358024691358025
(1, 9, 11, 18, 30)	 0.13513513513513514
(2, 26, 55, 60)	 0.1648745519713262
(1, 3, 7, 10)	 0.09580838323353293
(0, 1, 10, 13)	 0.14942528735632182
(0, 2, 6, 10, 11)	 0.125
(3, 6, 13, 17, 23)	 0.20000000000000004
(15, 35, 41)	 0.11374407582938388
(1, 8, 63)	 0.17595307917888564
(4, 44, 57)	 0.18271257905832744
(57, 126, 130)	 0.07425742574257425
(2, 27, 67)	 0.11416490486257928
(28, 34, 37)	 0.16843826655764513
(21, 49, 53)	 0.14285714285714285
(2, 3, 5, 9)	 0.10404624277456649
(2, 4, 43)	 0.2515114873035067
(33, 38, 51)	 0.21597633136094674
(1, 13, 29, 38)	 0.1495327102803738
(5, 9, 18, 42)	 0.30260869565217385
(1, 4, 6, 7, 8)	 0.1869918699186992
(2, 14, 21, 23, 28)	 0.26390685640362227
(5, 14, 16, 24, 28)	 0.22661870503597126
(9, 12)	 0.13953488372093023
(10, 11, 23, 24, 29)	 0.12648221343873517
(32, 65, 77)	 0.15053763440860216
(1, 37, 46, 53)	 0.22448979591836735
(13, 15, 17, 30)	 0.28612303290414876
(13, 16, 34)	 0.15048543689320387
(1, 3, 24, 35)	 0.14893617021276595
(1, 3, 6, 18, 22)	 0.2769230769230769
(14, 26, 32)	 0.17357512953367876
(2, 4, 5, 11, 13)	 0.1399548532731377
(20, 67, 71)	 0.1141439205955335
(1, 5, 6, 9)	 0.17600000000000002
(4, 8)	 0.1081081081081081
(13, 15, 26, 31)	 0.24899598393574296
(0, 2, 22, 36)	 0.3022508038585209
(21, 37, 43)	 0.20481927710843376
(34, 39, 40)	 0.20971867007672634
(4, 18, 37)	 0.11555555555555554
(5, 21, 50)	 0.23183391003460208
(4, 5, 138)	 0.21136063408190225
(1, 11, 12, 13, 31)	 0.2307692307692308
(1, 2, 4, 38, 39)	 0.23719676549865232
(4, 11, 23, 34)	 0.2305084745762712
(2, 28, 81)	 0.16393442622950818
(12, 19, 115)	 0.19999999999999998
(1, 8, 9, 12, 25)	 0.3654320987654321
(12, 17, 28)	 0.27178729689807973
(1, 4, 9, 13, 15)	 0.22921348314606743
(1, 3, 4)	 0.15458937198067632
(0, 1, 64)	 0.19935691318327975
(1, 2, 7, 18, 23)	 0.21232876712328766
(43, 51, 62)	 0.13058419243986252
(3, 5)	 0.17391304347826086
(1, 6, 12, 14, 23)	 0.08959156785243742
None	 0
(0, 1, 8, 26, 44)	 0.15068493150684933
(2, 10, 13, 14)	 0.16731517509727628
(3, 7, 20, 22, 23)	 0.3076923076923077
(17, 23, 36)	 0.2673656618610747
(4, 11, 13, 16, 17)	 0.10646387832699619
(1, 4, 14, 19, 22)	 0.1769911504424779
(18, 20, 21, 24, 27)	 0.10094637223974763
(2, 6, 19, 26)	 0.21333333333333335
(3, 9, 12, 17)	 0.2071197411003236
(1, 2, 5, 7, 15)	 0.2761061946902655
(4, 5, 6, 13, 15)	 0.19285714285714287
(1, 9, 10, 11, 12)	 0.311804008908686
(1, 45, 50, 54)	 0.2268041237113402
None	 0
(1, 4, 5, 13)	 0.1694915254237288
(6, 8)	 0.2139917695473251
(25, 27, 28, 29)	 0.36855036855036855
(1, 3, 6, 12, 13)	 0.12230215827338128
(39, 40, 66)	 0.1278538812785388
(4, 7, 8, 9, 10)	 0.18620689655172415
(19, 22, 35)	 0.18654708520179372
(15, 19, 27)	 0.3150074294205052
(7, 15, 54)	 0.18776671408250356
(1, 6, 24, 41)	 0.15981198589894244
(1, 11, 23, 25, 27)	 0.30801687763713076
(2, 28, 51)	 0.19270474879559535
(4, 13, 39)	 0.21482277121374865
None	 0
(1, 12, 13, 14, 19)	 0.1982608695652174
(11, 12, 17)	 0.15837563451776648
(15, 24, 55)	 0.2035175879396985
(4, 5, 6, 14, 17)	 0.11241217798594848
(1, 3, 9)	 0.08888888888888888
(2, 4, 5, 6, 11)	 0.20704845814977973
(12, 22, 24, 26, 27)	 0.2571428571428572
(2, 8, 10, 18, 33)	 0.23578947368421052
(4, 16, 56)	 0.1440291704649043
(4, 11, 39, 42)	 0.20533333333333334
(2, 5, 8)	 0.11866501854140915
(4, 24, 73)	 0.21564482029598306
(19, 24, 25, 43)	 0.33809523809523806
(9, 23, 37, 39)	 0.2197802197802198
(7, 10)	 0.38888888888888884
None	 0
(13, 14, 16, 21, 22)	 0.1595744680851064
(15, 34, 43, 50)	 0.2411347517730497
(14, 15, 19)	 0.16923076923076924
(0, 5, 19)	 0.23529411764705882
(4, 11, 20, 22, 24)	 0.2740384615384615
(11, 18, 39)	 0.13734713076199437
(4, 66, 72)	 0.16072782410917358
(2, 35, 40, 45)	 0.2388888888888889
(5, 11, 12, 15)	 0.2321219226260258
(35, 58, 68)	 0.2243589743589744
None	 0
(20, 25, 26, 31, 35)	 0.16666666666666666
(3, 5)	 0.05660377358490566
(1, 5, 6, 9)	 0.1379310344827586
(2, 3, 11, 12, 15)	 0.208955223880597
(1, 4, 8, 12, 16)	 0.2013888888888889
(0, 2, 4, 9)	 0.07518796992481203
(5, 6, 7, 14, 21)	 0.20972644376899693
(3, 5, 16, 36)	 0.24152542372881355
(1, 4, 6, 25, 30)	 0.17444219066937117
(1, 3, 4, 52)	 0.23672566371681417
(11, 24, 26, 28)	 0.2
(5, 7, 18, 24, 36)	 0.23547880690737835
(12, 48, 51)	 0.1995841995841996
(3, 6, 14, 18)	 0.13978494623655913
(35, 38, 55)	 0.22388059701492535
(1, 4, 5, 13, 14)	 0.19134396355353075
(16, 50, 56)	 0.21516754850088185
(1, 11, 15)	 0.1125
(1, 7, 25, 28, 35)	 0.14696485623003194
None	 0
(8, 16, 18, 19, 20)	 0.19444444444444445
(29, 55, 57)	 0.1101190476190476
(6, 37, 39)	 0.21370967741935484
(4, 9, 10, 11, 13)	 0.11494252873563218
(5, 17, 22, 36)	 0.20911528150134046
(13, 27, 44, 55)	 0.15138282387190685
(5, 10, 11, 12)	 0.12413793103448276
(39, 75, 77)	 0.13994169096209913
(1, 2, 28)	 0.2593516209476309
(9, 18)	 0.16
(5, 19, 20, 24)	 0.1711366538952746
(1, 13, 14, 15)	 0.11618257261410789
(2, 32, 33, 39)	 0.20647773279352227
(6, 9, 14)	 0.19413549039433772
(1, 23, 62)	 0.2007434944237918
(39, 50, 51)	 0.19694868238557559
(1, 2, 3)	 0.13053613053613056
(8, 14, 17, 19)	 0.19736842105263158
(0, 1, 3, 4, 15)	 0.20556745182012848
(3, 6, 8, 9, 12)	 0.2483221476510067
(1, 4, 15, 17)	 0.17948717948717946
(4, 7, 9, 18, 19)	 0.19487179487179485
(0, 1, 2, 3, 9)	 0.18412698412698417
(2, 7, 8, 10, 11)	 0.19047619047619047
(5, 7, 21, 23, 27)	 0.21856287425149704
(42, 60, 63)	 0.14937759336099582
(1, 5, 6, 26)	 0.14699331848552338
(3, 21, 48, 52)	 0.24010554089709762
(12, 13, 15, 28)	 0.1569767441860465
(12, 14, 16, 23)	 0.16867469879518074
(29, 42, 54)	 0.18995633187772926
(11, 12, 14, 20, 21)	 0.22972972972972971
(5, 8, 15, 16, 31)	 0.22512234910277326
(1, 2)	 0.18390804597701152
(30, 33, 62)	 0.22383720930232562
(1, 14, 20, 36)	 0.24546722454672248
(8, 65, 69)	 0.14285714285714285
(12, 13, 18, 21)	 0.24161073825503357
(1, 9, 10)	 0.136986301369863
(2, 12, 82)	 0.1755485893416928
(4, 6, 11, 12)	 0.1946902654867257
(2, 4, 16, 17, 21)	 0.18134715025906734
(4, 6, 7, 8, 13)	 0.1563517915309446
(12, 17, 29)	 0.23974255832662908
(4, 6, 7, 16)	 0.2857142857142857
(1, 2, 18, 26, 27)	 0.14699331848552338
(3, 4, 5, 28)	 0.21397379912663755
(50, 85, 86)	 0.202275600505689
(1, 2, 7)	 0.07547169811320754
(17, 21, 22, 28)	 0.2796992481203007
(2, 3, 9, 16, 34)	 0.19376026272577995
(1, 3, 24, 32, 36)	 0.19880715705765403
(2, 7, 12, 20, 23)	 0.21457489878542507
(1, 10, 11)	 0.07352941176470588
(2, 3, 7, 10, 12)	 0.18789144050104384
(11, 16, 17, 24, 27)	 0.19161676646706588
(5, 27, 51)	 0.1619718309859155
(8, 11, 15, 23, 24)	 0.19629629629629627
(4, 5, 6, 8, 11)	 0.16438356164383564
(1, 8, 9, 39)	 0.20634920634920637
None	 0
(25, 28, 30, 40)	 0.2778993435448578
(3, 5, 8)	 0.25
None	 0
(24, 33, 40)	 0.2017543859649123
(1, 2, 9, 16, 39)	 0.17979797979797982
(1, 6, 7)	 0.10309278350515463
(12, 42, 53)	 0.17316017316017318
(9, 31, 66)	 0.19773095623987033
(1, 3, 69)	 0.11804767309875144
(1, 2, 7, 8)	 0.16352201257861637
(1, 2, 4)	 0.20080321285140562
(1, 4)	 0.11506849315068492
(1, 2, 8, 9)	 0.07852193995381063
(18,)	 0.04081632653061225
(1, 23, 33, 37)	 0.24750499001996012
(3,)	 0.07142857142857142
(5, 10, 16)	 0.20454545454545456
(13, 58, 65)	 0.2348993288590604
(2, 3, 4)	 0.18571428571428572
(17, 21, 29, 34)	 0.10471204188481675
(6, 12, 18, 35)	 0.1891891891891892
(9, 11, 18, 19, 20)	 0.14880952380952378
(8, 10, 36)	 0.23121387283236994
(4, 10, 17, 20, 22)	 0.19305019305019305
(13, 22, 23, 25, 27)	 0.2993762993762994
(9, 11, 12, 14, 18)	 0.28490028490028496
(2, 9, 12, 17, 21)	 0.1730769230769231
(5, 35, 40)	 0.18302094818081585
(5, 7, 8, 13)	 0.2542372881355932
None	 0
None	 0
(1, 2, 3, 15, 24)	 0.15458937198067632
None	 0
(4, 15, 28, 39)	 0.22792022792022792
(5, 9)	 0.3317972350230415
(1, 3, 25, 26, 27)	 0.21686746987951805
(4, 7, 13, 23)	 0.22182468694096602
(12, 14, 27)	 0.32978723404255317
(8, 13, 26, 30)	 0.24462809917355371
(1, 7, 9, 27, 43)	 0.20030816640986132
(2, 8, 41)	 0.2079207920792079
(6, 8, 9, 11)	 0.25622775800711745
(19, 21, 28, 29)	 0.28119800332778705
(3, 12, 17, 20, 25)	 0.14444444444444446
(2, 10, 11, 25, 28)	 0.2052980132450331
None	 0
(1, 10, 15, 33, 36)	 0.26875
(3, 4, 15, 16, 22)	 0.14888337468982632
(28, 57, 63)	 0.2610062893081761
(1, 10, 22, 30)	 0.1448275862068965
(6, 7, 10, 24, 25)	 0.33783783783783783
(19, 20, 21, 23)	 0.3944223107569721
(1, 3, 17)	 0.12578616352201258
(1, 8, 12, 13)	 0.13930348258706465
(6, 20, 54)	 0.1493212669683258
(9, 13, 34)	 0.19066937119675456
(1, 9, 13, 24, 25)	 0.2777777777777778
None	 0
(21, 71, 81)	 0.1461077844311377
(1, 11, 14)	 0.18823529411764706
(2, 8, 31)	 0.17266187050359713
(6, 30, 37, 42)	 0.2105263157894737
(2, 4, 10)	 0.3165467625899281
(2, 7, 18)	 0.15037593984962408
(3, 8, 13, 18, 19)	 0.3068181818181818
(23, 39, 40, 42)	 0.20238095238095238
(5, 7, 9, 19, 22)	 0.3345070422535211
(40, 43, 53)	 0.20924574209245744
(4, 10, 13, 21)	 0.10081112398609503
(13, 18, 21, 41)	 0.14470284237726097
(1, 10, 21, 31)	 0.21029082774049215
(7, 19, 39)	 0.28487518355359764
(1, 3, 6, 9, 10)	 0.25888324873096447
(1, 8, 10, 11, 17)	 0.09782608695652173
(2, 4, 6)	 0.24242424242424243
(2, 3, 19, 22, 26)	 0.2393617021276596
(2, 3, 4, 13, 15)	 0.21406727828746178
(6, 7)	 0.034782608695652174
(2, 5, 13)	 0.18292682926829265
(5,)	 0.0625
(1, 3, 32, 39)	 0.15271966527196654
(1, 2, 3, 6)	 0.09921671018276762
(12, 16, 21, 23, 27)	 0.13071895424836602
(7, 8, 9, 19, 25)	 0.2659279778393352
(17, 35, 52)	 0.19127988748241911
(5, 7, 24, 26, 27)	 0.273972602739726
(2, 11, 18, 45)	 0.25846153846153846
(3, 6, 7)	 0.1752577319587629
(9, 13, 36)	 0.1818181818181818
(6, 7)	 0.2974358974358975
(3, 4, 5, 20)	 0.4406779661016949
(6, 10, 11)	 0.16977928692699493
(26, 27, 40, 41)	 0.3084577114427861
(9, 16, 17, 28)	 0.267515923566879
(2, 15, 20, 30)	 0.17848970251716248
(9, 10, 11, 20, 21)	 0.26753670473083196
(14, 25, 38)	 0.2251256281407035
(5, 7)	 0.08571428571428572
(7, 8, 12)	 0.19881305637982194
(17,)	 0.0425531914893617
(7, 10, 12, 17, 32)	 0.24882629107981216
(15, 31, 33, 37)	 0.23185011709601874
(1, 3, 35)	 0.2564102564102564
(3, 5, 6, 9, 12)	 0.1585365853658537
None	 0
(1, 9, 12, 21, 26)	 0.1895734597156398
(92, 93, 96)	 0.11621368322399252
(1, 4, 5, 12, 13)	 0.20477815699658702
(3,)	 0.05970149253731343
(25, 26, 54)	 0.23754789272030652
(5, 11, 19, 22, 23)	 0.13292117465224113
(11, 19, 43)	 0.31083202511773944
(23, 47, 90)	 0.20189818809318377
(8, 145)	 0.11328976034858387
(32, 78, 87)	 0.25798525798525795
(12, 22, 25)	 0.17452357071213642
(40, 43, 54)	 0.22748815165876776
(31, 33, 49)	 0.2321899736147757
(24, 36)	 0.1107871720116618
(10, 15, 99)	 0.18197424892703865
(2, 55, 99)	 0.18305084745762715
(20, 107)	 0.15758591785414922
(4, 16, 19, 20, 22)	 0.33773087071240104
(11, 92, 114)	 0.10300429184549358
(15, 88, 92)	 0.2731958762886598
(16, 23, 78)	 0.26304347826086955
(2, 84, 86)	 0.17616580310880828
(6, 40, 47)	 0.17094017094017094
(25, 29, 30, 33)	 0.3938223938223938
(9, 11, 13, 15, 20)	 0.29197080291970806
(7, 78, 80)	 0.16717019133937563
(2, 20, 100)	 0.22857142857142856
(2, 53, 57)	 0.35384615384615387
(2, 46, 62)	 0.17456896551724138
(1, 2, 23, 29, 33)	 0.25375170532060026
(23, 28, 29, 39)	 0.3994708994708994
(1, 8, 9, 29)	 0.16183206106870227
(2, 15, 16, 24, 29)	 0.29059829059829057
(1, 2, 46)	 0.18309859154929575
(28, 39, 53)	 0.17382999044890163
(1, 4, 6, 10, 13)	 0.15833333333333333
(45, 52, 77)	 0.33877551020408164
(4, 14, 27, 33, 34)	 0.35796387520525447
(1, 4, 19)	 0.2870737509912768
(3, 57, 58)	 0.42406876790830944
(1, 5, 25, 26)	 0.24117647058823527
(12, 14, 15)	 0.3463687150837989
(8, 30, 83)	 0.20496224379719524
(27, 31, 52)	 0.2622950819672131
(2, 34, 35, 48, 54)	 0.2993762993762994
(5, 46, 54)	 0.3046944198405669
(19, 51, 55)	 0.2580645161290323
(11, 12, 19, 27, 28)	 0.45179063360881544
(13, 15, 20, 54)	 0.3767741935483871
(18, 22, 28, 30, 31)	 0.37735849056603776
(4, 25, 50)	 0.27835051546391754
(35, 50, 57)	 0.2235123367198839
(31, 32, 81)	 0.22005988023952094
(3, 4, 22, 23, 32)	 0.2271604938271605
(5, 10, 24)	 0.2529182879377432
(12, 13, 54)	 0.3234714003944773
(21, 31, 35, 38)	 0.4169741697416974
(3, 80, 82)	 0.25124378109452733
(45, 63, 68)	 0.23880597014925373
(3, 37, 41, 44)	 0.2796116504854369
(1, 3, 4)	 0.14760147601476015
(35, 36, 65)	 0.15396341463414637
(1, 3, 5, 10, 31)	 0.29679595278246207
(7, 11)	 0.3822222222222222
(67, 71, 75)	 0.19984012789768182
(17, 70, 71)	 0.258974358974359
(27, 36, 41, 50)	 0.3328591749644381
(2, 10, 21)	 0.191747572815534
(19, 42, 47)	 0.21269296740994856
(3, 8, 9, 10)	 0.25
(41, 64, 75)	 0.29668411867364747
(7, 9, 18, 19)	 0.253763440860215
(20, 21, 46, 51)	 0.2783300198807157
(1, 12, 16, 17, 40)	 0.2560706401766005
(71, 72, 78)	 0.3001293661060802
(1, 19, 36, 42, 43)	 0.215929203539823
(2, 34, 80)	 0.2585751978891821
(26, 49, 54)	 0.15954415954415951
(12, 17, 19, 26, 28)	 0.22023809523809523
(30, 55, 57)	 0.21417797888386125
(50, 52, 56)	 0.2894356005788712
(2, 42, 46, 51)	 0.14009661835748793
(22, 25, 28, 29, 33)	 0.22513089005235604
(2, 4, 9, 11)	 0.21511627906976744
(61, 62, 87)	 0.19115044247787613
(9, 11, 44)	 0.26911314984709483
(90, 92, 93)	 0.09801324503311257
(4, 5, 29, 36)	 0.06949806949806948
(1, 6, 11, 30)	 0.2094240837696335
(2, 7, 12, 13, 16)	 0.37970540098199673
(2, 26, 32, 33, 35)	 0.27085590465872156
(100, 108)	 0.14638297872340425
(10, 34)	 0.1414141414141414
(68, 104)	 0.1417624521072797
(63, 76)	 0.24215246636771298
(28, 37, 42)	 0.33859397417503584
(3, 26, 30)	 0.29702970297029707
(44, 49, 56, 63)	 0.25852782764811494
(27, 32)	 0.21052631578947367
(30, 32, 36, 40)	 0.17761989342806397
(4, 11, 41, 42)	 0.26573426573426573
(1, 20, 30)	 0.19389312977099232
(2, 39, 57, 60)	 0.3290488431876607
(1, 9, 10)	 0.1836065573770492
(3, 19, 33, 35, 37)	 0.2271805273833671
(25, 28, 38)	 0.39153439153439157
(6, 7)	 0.13461538461538464
(4, 134, 145)	 0.3222222222222222
(35, 44, 80)	 0.15519399249061325
(5, 54, 89)	 0.19621583742116333
(116, 123, 124)	 0.2122302158273381
(1, 6, 74)	 0.3114503816793893
(56, 64, 82)	 0.30348258706467657
(11, 18, 20, 22)	 0.18217054263565893
(29, 35, 47)	 0.23939064200217627
(5, 17, 35, 48)	 0.30434782608695654
(1, 11, 20, 40, 46)	 0.20527045769764216
(8, 13, 14, 15, 32)	 0.25157232704402516
(2, 16, 17, 23, 25)	 0.2798982188295165
(46, 51, 54)	 0.2985386221294363
(25, 38, 40, 45)	 0.3877551020408163
(3, 17, 26, 59)	 0.30683403068340304
(13, 17, 48)	 0.27474150664697194
(12, 14, 17, 26, 31)	 0.42424242424242425
(4, 5, 21, 41)	 0.24352331606217614
(32, 44, 49)	 0.2785388127853881
(10, 41, 50)	 0.1420911528150134
(24, 80, 81)	 0.17270788912579957
(16, 22, 28)	 0.2552504038772213
(2, 42, 44)	 0.28571428571428575
(2, 10, 14)	 0.27555555555555555
(30, 33, 44, 45)	 0.30978260869565216
(1, 10, 14, 17, 22)	 0.362776025236593
(24, 37, 55)	 0.2467289719626168
(2, 8, 41)	 0.38941398865784504
(14, 28, 37, 43)	 0.28265524625267663
(33, 49, 55)	 0.2946859903381643
(23, 43, 48, 57)	 0.2376237623762376
(6, 35, 71)	 0.2529335071707953
(44, 83, 95)	 0.2689747003994673
(18, 24, 76)	 0.22690058479532163
(9, 15, 55)	 0.19681908548707755
(1, 27, 85)	 0.27541456380677726
(1, 24, 102)	 0.11473788328387734
(28, 29, 32, 35)	 0.27522935779816515
(33, 65, 80)	 0.20157756354075373
(12, 13, 32)	 0.2991596638655462
(9, 10, 13, 36)	 0.3820598006644519
(7, 19, 22, 27, 29)	 0.21367521367521367
(3, 12, 16)	 0.2772785622593068
(5, 9, 11, 21, 22)	 0.2428842504743833
(20, 27, 32, 34)	 0.29321663019693656
(1, 2, 11)	 0.24749163879598662
(1, 9, 29, 33)	 0.33679354094579006
(3, 32, 62)	 0.22875816993464052
(2, 12, 28)	 0.42396313364055294
(35, 49, 82)	 0.30567685589519655
(13, 26, 27, 33, 34)	 0.30452674897119336
(57, 91)	 0.2502979737783075
(69, 86, 103)	 0.253125
(2, 42, 47)	 0.2982005141388175
(7, 68, 80)	 0.10934393638170975
(19, 62)	 0.21021897810218979
(4, 12, 32)	 0.18260244428468728
(2, 10, 39)	 0.15839860748476936
(37, 94)	 0.08828828828828829
(11, 37, 58)	 0.14797136038186157
(9, 15, 24)	 0.20326936744847193
(28, 51, 70)	 0.21361058601134214
(13, 14, 23, 60)	 0.21387283236994223
(4, 29, 46, 47, 48)	 0.327212020033389
(17, 37, 48)	 0.2140762463343108
(4, 31, 59)	 0.20588235294117646
(2, 24, 33)	 0.2688465031789282
(36, 44, 77)	 0.3356643356643356
(3, 4, 78)	 0.22997416020671835
(47, 75, 76)	 0.1924398625429553
(14, 16, 28)	 0.2922013820335637
(11, 12, 60)	 0.20959595959595959
(35, 43, 46, 49)	 0.1763826606875934
(2, 66, 94)	 0.24040550325850835
(12, 19, 79)	 0.2850182704019488
(2, 13, 15, 19)	 0.25673940949935814
(1, 5, 7)	 0.16150442477876104
(21, 27, 46)	 0.16074188562596603
(21, 25, 123)	 0.17360114777618366
(13, 16, 18, 25, 29)	 0.28571428571428575
(2, 54, 61)	 0.21415607985480944
(1, 34, 40)	 0.2621184919210054
(5, 43, 116)	 0.34703196347031967
(48, 53, 72)	 0.2621359223300971
(8, 13, 18, 29, 36)	 0.24013157894736845
(2, 12, 17, 22, 24)	 0.2905982905982906
(16, 17, 20, 21, 24)	 0.30260047281323876
(1, 39, 95)	 0.19843342036553524
(90, 116, 120)	 0.18951612903225803
(108, 109, 117)	 0.2388059701492537
(11, 12, 15, 25, 28)	 0.3118811881188119
(10, 46, 78)	 0.21844225604297224
(16, 37, 75)	 0.14090019569471623
(3, 6, 7, 10, 51)	 0.2344322344322344
(1, 2, 74)	 0.15609756097560978
(24, 32, 40)	 0.23357664233576644
(35, 50, 52)	 0.21516754850088185
(3, 15)	 0.2188679245283019
(14, 20, 69)	 0.19562715765247413
(1, 24, 27)	 0.10467289719626169
(4, 10, 12, 14, 18)	 0.20593368237347295
(28, 34, 42, 51)	 0.20460358056265987
(4, 7, 10, 44)	 0.17808219178082194
(5, 19, 25, 61)	 0.21903052064631956
(51, 61, 62)	 0.23636363636363636
(4, 8, 10, 12, 14)	 0.11501597444089458
(1, 3, 6, 10, 11)	 0.16568047337278105
(71, 80)	 0.16198347107438016
(5, 11, 14)	 0.3548387096774193
(0, 56, 59)	 0.19151846785225715
(8, 12, 20, 21, 29)	 0.2530120481927711
(6, 10, 21, 26, 27)	 0.2969187675070028
(4, 9, 13)	 0.1565217391304348
(46, 74, 92)	 0.2698019801980198
(1, 14, 114)	 0.14854682454251883
(1, 89, 93)	 0.24679170779861792
(12, 51, 61)	 0.16363636363636364
(9, 42, 53)	 0.24724061810154524
(28, 52, 59)	 0.3184713375796178
(10, 11, 12, 19, 36)	 0.1869158878504673
(51, 53, 76)	 0.16434108527131783
(2, 48, 83)	 0.2161234991423671
(1, 8, 82)	 0.19157088122605365
(6, 8, 11)	 0.14797687861271677
(2, 28, 61)	 0.20253164556962025
(48, 65, 66)	 0.21658986175115208
(23, 54, 61)	 0.13636363636363635
(1, 5, 6, 22, 26)	 0.13218390804597702
(1, 15, 28)	 0.29769392033542974
(14, 25, 30, 31)	 0.16091954022988506
(5, 13, 120)	 0.1102863202545069
(6, 7, 44, 50)	 0.28323699421965326
(1, 2, 73)	 0.11899313501144164
(14, 51, 64)	 0.2208588957055215
(94, 108)	 0.18681318681318682
(10, 13, 60)	 0.202401372212693
(61, 65, 92)	 0.40828402366863903
(19, 25, 47)	 0.12307692307692307
(51, 61, 80)	 0.11047180667433834
(2,)	 0.016129032258064516
(60, 85)	 0.08188976377952756
(31, 35, 38, 46)	 0.2005730659025788
(4, 15, 113)	 0.11995386389850056
(2,)	 0.08695652173913043
(29, 58, 82)	 0.21052631578947367
(48, 71, 73)	 0.2800982800982801
(1, 2, 5, 6, 21)	 0.24930747922437677
(6, 9, 39, 41)	 0.2536873156342183
(3, 70, 74)	 0.13102409638554216
(3, 4, 33, 34, 35)	 0.32083333333333336
(5, 12, 19, 37)	 0.2
(30, 44, 71)	 0.297029702970297
(1, 6, 8, 19, 23)	 0.15658362989323846
(15, 27, 50)	 0.20886075949367086
(15, 84, 86)	 0.16384180790960454
(14, 40, 76)	 0.22461170848267623
(1, 4)	 0.16438356164383564
(1, 51, 56, 59)	 0.2918918918918919
(91, 95)	 0.08360836083608361
(76, 85)	 0.09972801450589301
(7, 39, 49)	 0.10041841004184102
(2, 6, 15, 21, 26)	 0.3372859025032938
(16, 17, 18, 23, 25)	 0.39335180055401664
(1, 9, 11)	 0.15476190476190477
(16, 55, 61)	 0.13203883495145632
(36, 69, 135)	 0.15324927255092144
(23, 108, 110)	 0.19310344827586207
(11, 23, 34, 44)	 0.23129251700680273
(29, 119)	 0.08763693270735526
(24, 71, 96)	 0.13657770800627944
(106, 107, 111)	 0.16595744680851063
(21, 58, 85)	 0.15471167369901545
(11, 94, 159)	 0.11192660550458713
(25, 34, 53)	 0.1647597254004577
(2, 11, 12, 24, 41)	 0.19379844961240308
(30, 70, 71)	 0.15962441314553988
(8, 119)	 0.10826771653543307
(58, 60, 98)	 0.1646090534979424
(4, 12, 42, 43)	 0.1654778887303852
(29, 30, 40, 52)	 0.25798212005108556
(2, 6, 18, 20, 22)	 0.2596153846153846
(13, 35, 68)	 0.21224489795918366
(17, 20, 26, 30)	 0.3224489795918367
(1, 20, 33, 35, 51)	 0.15246636771300448
(38, 56, 92)	 0.22017220172201724
(0, 12, 38)	 0.1693121693121693
(20, 53, 67)	 0.20074349442379183
(2, 8, 97)	 0.22222222222222218
(14, 18, 19, 24, 28)	 0.26109660574412535
(1, 13, 18)	 0.18389166072701355
(0, 11, 102)	 0.13033359193173
(45, 118, 121)	 0.11586206896551726
(54, 91, 122)	 0.25
(34, 37, 38, 44)	 0.21456953642384105
(42, 51, 107)	 0.31292517006802717
(41, 46, 55)	 0.24457142857142858
(2, 10, 44)	 0.2816901408450704
(0, 8, 52)	 0.14699331848552338
(38, 63, 65)	 0.35151515151515156
(6, 7, 50, 51)	 0.3047619047619048
(1, 34, 62)	 0.1851851851851852
(4, 7, 36)	 0.1871713985278654
(54, 58, 85)	 0.3163636363636364
(2, 7, 95)	 0.15101289134438303
(62, 89, 99)	 0.1949579831932773
(125, 136)	 0.11485642946317103
(25, 31, 78)	 0.13375130616509928
(37, 46, 76)	 0.32212389380530976
(2, 5, 13, 14)	 0.10501193317422435
(1, 11, 13, 20)	 0.32173913043478264
(26, 27, 39, 42, 44)	 0.3191489361702127
(9, 22, 25)	 0.175886524822695
(9, 43, 61)	 0.4032921810699589
(3, 8, 25)	 0.2038834951456311
(39, 58, 63, 77)	 0.3316326530612245
(5, 6, 12, 37, 38)	 0.24324324324324326
(2, 33, 40, 47)	 0.22965116279069767
(109, 123, 126)	 0.19284603421461896
(18, 19, 51)	 0.20344287949921752
(53, 86, 92)	 0.23515151515151517
(40, 67, 100)	 0.18577648766328012
(1, 11, 13, 17, 43)	 0.23203026481715003
(6, 28, 29, 35)	 0.27076923076923076
(1, 57, 75)	 0.18818380743982493
(9, 38, 58)	 0.17363344051446947
(13, 14, 15, 18, 23)	 0.17560975609756097
(29, 83, 106)	 0.17391304347826086
(2, 21, 25)	 0.3548387096774194
(3, 6, 25, 29, 30)	 0.29710144927536236
(34, 50, 51)	 0.23061630218687873
(51, 52, 73)	 0.2757201646090535
(44, 46, 49)	 0.2088353413654619
(11, 51, 91)	 0.1480552070263488
(25, 76, 78)	 0.13930348258706465
(33, 39, 42)	 0.18497109826589597
(63, 75, 77)	 0.15646258503401358
(67, 84, 85)	 0.16348773841961853
(1, 15, 32, 45)	 0.1936619718309859
(3, 52, 66)	 0.21633554083885206
(3, 5, 32)	 0.1870503597122302
(29, 45, 65)	 0.2537313432835821
(10, 13, 23)	 0.1722488038277512
(58, 63, 69)	 0.3204930662557781
(7, 12, 15)	 0.2563619227144204
(1, 37, 74)	 0.18711018711018712
(1, 18, 24)	 0.15835140997830802
(56, 67)	 0.1438032166508988
(25, 41, 47, 49)	 0.3492647058823529
(78, 91, 96)	 0.16184971098265893
(60, 61, 65)	 0.3536585365853658
(15, 20, 36)	 0.24202780049059688
(10, 22, 36)	 0.18882978723404256
(87, 96, 100)	 0.26292466765140327
(1, 2, 4, 10)	 0.19047619047619047
(3, 49, 68)	 0.27634660421545665
(1, 4, 12, 14, 26)	 0.3467048710601719
(9, 11, 12, 14, 15)	 0.26845637583892623
(27, 32, 36, 38)	 0.2977346278317152
(3, 61, 76)	 0.15736766809728184
(26, 48, 64)	 0.20103986135181975
(2, 14, 15, 17, 19)	 0.13711583924349882
(63, 80)	 0.1361771944216571
(5, 15, 19)	 0.31864406779661014
(29, 63, 87)	 0.1837916063675832
(43, 69, 79)	 0.28260869565217395
(15, 24, 27)	 0.24291497975708504
(1, 6, 29, 32)	 0.27946537059538273
(1, 2, 17, 18, 20)	 0.3289124668435013
(4, 24, 36)	 0.22541966426858515
(42, 48, 49, 50, 57)	 0.41325536062378165
(4, 5, 7)	 0.21761658031088082
(1, 2, 74)	 0.21076233183856505
(12, 44, 69)	 0.237125748502994
(3, 6, 22, 27, 30)	 0.4049733570159858
(1, 3, 6, 26)	 0.4
(1, 108, 115)	 0.2517241379310345
(37, 102, 137)	 0.16272965879265092
(1, 22, 24, 28, 30)	 0.22897196261682243
(1, 3, 21, 28, 35)	 0.2112676056338028
(2, 12, 13)	 0.48305084745762716
(28, 33, 35, 48)	 0.4498977505112474
(3,)	 0.08823529411764706
(24, 25, 44)	 0.24796084828711257
(4, 6, 23, 24)	 0.2709677419354839
(6, 7, 12, 17, 30)	 0.3234501347708895
(18, 25, 31)	 0.16996047430830039
(4, 5, 28, 30, 37)	 0.3881278538812785
(13, 47, 104)	 0.2766884531590414
(57, 59, 61)	 0.21011673151750973
(73, 85, 87)	 0.23949044585987259
(6, 15, 60)	 0.2383419689119171
(12, 15, 21, 40, 58)	 0.3190789473684211
(41, 57, 59)	 0.23243933588761173
(22, 50, 68)	 0.31498079385403327
(46, 88, 105)	 0.25102880658436216
(50, 53, 67)	 0.298
(2, 23, 25, 26)	 0.2538699690402476
(4, 8, 16, 39, 40)	 0.17888563049853373
(3, 20, 21, 55)	 0.30785562632696395
(5, 37, 45)	 0.2979942693409742
(0,)	 0.3929824561403508
(1, 7, 8, 11, 23)	 0.2441860465116279
(2, 15, 37)	 0.28184281842818426
(103, 128)	 0.1737331954498449
(1, 68, 87)	 0.190089358245329
(3, 4, 14, 17)	 0.2597402597402597
(3, 4, 9, 14, 15)	 0.22535211267605634
(2, 16, 26, 50)	 0.3440514469453376
(1, 2, 4, 12, 20)	 0.4675834970530452
(32, 49, 50)	 0.27598566308243727
(13, 14, 21, 29, 44)	 0.23926380368098163
(11, 13, 14, 17, 18)	 0.19070904645476777
(35, 41, 72)	 0.1383812010443864
(34, 39)	 0.18056749785038692
(57, 70, 78)	 0.20220588235294118
(40, 97)	 0.1686746987951807
(7, 88, 89)	 0.23583815028901733
(28, 50, 55)	 0.2905317769130999
(2, 3, 4, 14, 22)	 0.4213836477987421
(4, 7, 23, 27, 28)	 0.4448669201520912
(59, 67, 77)	 0.3932203389830508
(3, 4, 21, 25)	 0.2336769759450172
(1, 24, 33)	 0.20862308762169682
(1, 2, 5, 19, 21)	 0.2727272727272727
(3, 5, 47)	 0.1663442940038685
(14, 15, 45)	 0.20775193798449615
(19, 26, 36, 38)	 0.345642540620384
(1, 2, 29, 30)	 0.2724458204334365
(15, 18, 23, 24, 25)	 0.3352272727272727
(1, 3)	 0.16901408450704225
(2, 20, 53, 54)	 0.23671497584541065
(7, 14, 16, 18, 29)	 0.5333333333333333
(25, 33, 49)	 0.31643002028397565
(3, 13, 73)	 0.27999999999999997
(22, 31, 40, 43, 44)	 0.46153846153846156
(11, 15, 19, 20, 26)	 0.44604316546762585
(18, 22, 25, 26, 35)	 0.338368580060423
(44, 46, 51)	 0.3565573770491803
(36, 41, 43)	 0.2287513116474292
(48, 62, 63)	 0.23084994753410282
(0, 22, 23, 25, 26)	 0.3711048158640226
(3, 12, 48)	 0.2274052478134111
(25, 61, 66)	 0.4397163120567376
(11, 41, 58)	 0.35313531353135313
(5, 47, 107)	 0.18030513176144244
(12, 17, 18, 19, 26)	 0.2608695652173913
(1, 2, 6, 8, 10)	 0.2840746054519369
(10, 29)	 0.20606060606060606
(29, 35, 58)	 0.3072100313479624
(40, 66, 130)	 0.15856394913986535
(34, 36, 70)	 0.17636022514071295
(18, 30, 48)	 0.27934621099554235
(30, 79)	 0.1744186046511628
(27, 29, 44)	 0.22348484848484848
(3, 12, 16, 34, 38)	 0.4
(59, 108)	 0.11371841155234659
(7, 8, 59)	 0.41167883211678835
(64, 65, 98)	 0.25630252100840334
(40, 94, 99)	 0.31155778894472363
(9, 95, 105)	 0.18828049951969258
(14, 15, 60)	 0.22990492653414
(3, 4, 30)	 0.21114369501466274
(1, 32, 45)	 0.27096774193548384
(97, 98, 104)	 0.2948517940717629
(16, 17, 68)	 0.32075471698113206
(2, 109, 117)	 0.1550632911392405
(82, 88, 101)	 0.15854823304680038
(16, 26, 51)	 0.33333333333333337
(3, 48, 61)	 0.24696802646085997
(1, 2, 4, 14, 22)	 0.2149321266968326
(1, 2, 9, 10, 12)	 0.17073170731707318
(12, 13, 16, 46)	 0.17880794701986755
(2, 18, 19, 23, 34)	 0.15699658703071673
(14, 23, 43)	 0.34831460674157305
(1, 16, 26, 27, 31)	 0.23880597014925375
(33, 38, 44)	 0.3466135458167331
(1, 5, 7, 26)	 0.23616236162361623
(1, 2, 17, 18, 22)	 0.1799485861182519
(12, 38, 54)	 0.2315112540192926
(9, 25, 63)	 0.24358974358974358
(2, 8, 19, 24, 33)	 0.3448275862068965
(20, 27, 41, 49)	 0.35173824130879344
(12, 13, 21, 24, 26)	 0.15139442231075695
(9, 13, 17, 18, 19)	 0.3983050847457627
(81, 95, 104)	 0.22302158273381298
(1, 7, 11, 12)	 0.21011673151750976
(2, 3, 7, 13)	 0.1826923076923077
(6, 26, 30, 47)	 0.3815513626834381
(1, 9, 43, 48)	 0.1865284974093264
(7, 13, 45, 52)	 0.36461126005361927
(43, 46, 64)	 0.3128964059196618
(6, 15, 17, 24, 27)	 0.12359550561797752
(16, 22, 23)	 0.2159383033419023
(19, 28, 35, 40, 41)	 0.2553897180762852
(25, 62, 74)	 0.2021978021978022
(2, 35, 50)	 0.2617801047120419
(3, 33, 35, 41)	 0.3803418803418803
(1, 53, 59)	 0.2222222222222222
(4, 9, 21)	 0.2903752039151713
(4, 9, 19, 33, 35)	 0.44568245125348194
(13, 20, 27)	 0.27354260089686094
(51, 57, 65)	 0.2603369065849923
(4, 7, 8, 9, 29)	 0.226890756302521
(55, 56, 58)	 0.2736248236953455
(20, 21, 45)	 0.1466544454628781
(1, 5, 16, 29)	 0.3618090452261306
(12, 13, 16, 20, 22)	 0.36148648648648646
(1, 9, 20, 22, 28)	 0.1404109589041096
(24, 28, 59)	 0.29915966386554627
(1, 8, 12, 13, 26)	 0.25311203319502074
(1, 9, 10)	 0.25806451612903225
(22, 23, 25, 27, 31)	 0.3006535947712418
(131, 135)	 0.16624040920716113
(9, 59)	 0.12073073868149324
(62, 68, 82)	 0.171990171990172
(36, 42, 44)	 0.26887661141804786
(1, 9, 13)	 0.12720848056537104
(17, 33, 110)	 0.14614343707713126
(1, 5, 19, 58)	 0.27409638554216864
(40, 41, 43, 48)	 0.2803738317757009
(1, 9, 30, 37)	 0.1553398058252427
(1, 6, 10, 11)	 0.18696186961869618
(1, 14, 68)	 0.3982300884955753
(3, 13, 51, 57, 58)	 0.22085889570552147
(2, 9, 12, 18)	 0.261437908496732
(39, 57, 66)	 0.26874115983026875
(2, 10, 11, 19)	 0.23497267759562843
(2, 6, 8, 14, 15)	 0.2121212121212121
(1, 12, 30)	 0.19927536231884058
(43, 69)	 0.1272337383845604
(13, 18, 73)	 0.17292576419213973
(35, 81, 85)	 0.2094647013188518
(5, 8, 74)	 0.2889733840304183
(19, 22, 24, 25, 28)	 0.21111111111111108
(4, 14, 15, 19, 25)	 0.29394812680115273
(4, 24, 25, 53)	 0.3092369477911647
(1, 5, 37, 55)	 0.22988505747126434
(1, 5, 6, 7)	 0.13333333333333333
(2, 29, 31, 43)	 0.17142857142857143
(5, 21, 36)	 0.16129032258064513
(27, 35, 42)	 0.26578073089700993
(3, 7, 8, 10, 11)	 0.13229571984435798
(1, 24, 25)	 0.20931639443436176
(42, 55, 61)	 0.3642276422764228
(1, 97, 106)	 0.17884615384615385
(66, 68, 69)	 0.3052959501557633
(10, 12, 28, 43)	 0.25312500000000004
(5, 7, 8, 39)	 0.2964824120603015
(28, 29, 37)	 0.17590822179732316
(4, 10, 14, 15)	 0.2470119521912351
(24, 31, 34, 41)	 0.374015748031496
(7, 11, 28, 35)	 0.3044315992292871
(1, 2, 6, 9, 17)	 0.28070175438596484
(10, 38, 39)	 0.2564102564102564
(18, 28, 72)	 0.18318695106649935
(12, 13, 14, 15, 16)	 0.1376518218623482
(48, 55, 86)	 0.19157088122605365
(3, 4, 26)	 0.1743421052631579
(11, 20, 24, 35)	 0.3458646616541353
(14, 23, 25)	 0.4519774011299435
(1, 5, 9, 30)	 0.24271844660194178
(20, 23, 28, 40)	 0.37200000000000005
(26, 28, 39, 44)	 0.3407079646017699
(13, 96, 107)	 0.1797752808988764
(11, 28, 41)	 0.24862888482632542
(6, 10, 11)	 0.2532751091703057
(28, 50, 52)	 0.2092198581560284
(2, 6, 8, 15, 27)	 0.242152466367713
(33, 43)	 0.13480392156862744
(6, 10)	 0.07462686567164178
(12, 85, 86)	 0.2270861833105335
(13, 30, 31, 41)	 0.3699825479930192
(3, 53, 84)	 0.21005917159763313
(46, 67, 71)	 0.26208178438661717
(1, 7)	 0.248995983935743
(1, 4, 7, 18, 25)	 0.3823529411764705
(80, 85, 99)	 0.19693654266958424
(2, 34, 81)	 0.22687609075043627
(36, 55, 64)	 0.20133333333333336
(12, 14)	 0.1220657276995305
(11, 24, 33, 39)	 0.46351931330472096
(17, 26, 63)	 0.27747252747252743
(1, 2, 3, 40)	 0.3057851239669422
(20, 40, 41, 47)	 0.32935560859188545
(5, 7, 8)	 0.18683001531393567
(54, 58, 64, 65)	 0.20825852782764812
(55, 93, 95)	 0.3300423131170663
(2, 4, 5)	 0.2828282828282828
(1, 2, 14, 33, 34)	 0.19219219219219222
(39, 57, 77)	 0.27285513361462727
(30, 35, 39, 46)	 0.31755725190839695
(25, 36)	 0.13857998289136014
(6, 47, 68)	 0.24713958810068648
(12, 18, 29, 35, 36)	 0.2556390977443609
(1, 2, 19, 20, 31)	 0.5
(1, 16, 17, 22, 25)	 0.3568075117370892
(3, 7, 8, 27, 32)	 0.30815709969788524
(4, 12, 22)	 0.23511904761904762
(5, 16, 89)	 0.19490254872563717
(2, 31, 38, 39, 41)	 0.37500000000000006
(1, 3, 9, 11, 16)	 0.23529411764705882
(2, 115, 116)	 0.14255765199161427
(32, 46, 69)	 0.18856569709127383
(9, 25, 45, 60)	 0.1595854922279793
(1, 49, 67, 76)	 0.22131147540983606
(5, 14, 18, 32)	 0.32563791008505466
(6, 21, 24)	 0.27112676056338025
(12, 26, 39)	 0.2355289421157684
(1, 14, 69)	 0.29687500000000006
(2, 13, 15, 21)	 0.2964426877470356
(46, 68, 77)	 0.21891891891891896
(2, 3)	 0.37404580152671757
(11, 12, 13, 16)	 0.36815920398009955
(44, 50, 51, 54)	 0.19047619047619047
(22, 38, 57)	 0.18697829716193654
(73, 79, 80)	 0.40254237288135597
(55, 60, 78)	 0.2813186813186813
(21, 22, 23, 25, 28)	 0.5886654478976234
(1, 35, 50, 61)	 0.29698857736240913
(6, 9, 19)	 0.1984732824427481
(4, 12, 13, 14)	 0.31334622823984526
(2, 3, 6, 17, 18)	 0.20895522388059698
(19, 29, 31, 43)	 0.347682119205298
(5, 6, 36, 51)	 0.372972972972973
(14, 21, 29)	 0.29245283018867924
(5, 8, 9, 13, 14)	 0.1983471074380165
(7, 9, 38, 43, 44)	 0.41566265060240964
(3, 28, 30, 33, 34)	 0.31865828092243187
(1, 2, 6, 11, 52)	 0.1130952380952381
(2, 10, 17, 26, 27)	 0.16842105263157894
(1, 6, 7, 57)	 0.18404907975460125
(1, 10, 20, 26, 33)	 0.2956521739130435
(2, 40, 58)	 0.3064250411861615
(1, 24)	 0.21164021164021166
(38, 42, 44)	 0.19830028328611898
(11, 38, 52)	 0.2796992481203008
(16, 17, 32, 34)	 0.3576642335766423
(34, 46, 58)	 0.3183673469387755
(5,)	 0.032786885245901634
(3, 26, 35, 45, 48)	 0.21951219512195122
(5, 11, 16, 19, 20)	 0.2424242424242424
(25, 36, 46)	 0.24362606232294617
(3, 8, 29, 35)	 0.28824273072060685
(3, 12, 44, 46)	 0.1541095890410959
(27, 56, 57)	 0.23834196891191708
(1, 20, 21, 22, 25)	 0.2976190476190476
(3, 15, 21, 37, 38)	 0.4093816631130064
(17, 18, 19, 20, 25)	 0.4702380952380953
(11, 13, 14, 18, 19)	 0.11267605633802817
(39, 52, 92)	 0.30500000000000005
(13, 14, 19)	 0.3595505617977528
(20, 39, 91)	 0.17546848381601365
(1, 2, 3, 4, 17)	 0.26595744680851063
(2, 26, 27, 28)	 0.3244755244755245
(27, 30, 42, 43)	 0.20194174757281555
(10, 48, 63)	 0.3056300268096515
(3, 4, 7, 8)	 0.28307692307692306
(1, 22, 123, 131)	 0.2101449275362319
(1, 3, 7, 32, 37)	 0.1663778162911612
(1, 14)	 0.0972972972972973
(12, 19, 22, 30, 32)	 0.304932735426009
(46, 47, 49, 52)	 0.331858407079646
(10, 19, 34, 46, 47)	 0.2672176308539945
(7, 18, 45, 55)	 0.24764890282131657
(13, 45, 81)	 0.22883295194508008
(5, 16, 17, 25, 29)	 0.24449877750611249
(1, 2, 3, 32)	 0.2679658952496955
(1, 7, 32, 33)	 0.35127478753541086
(1, 15, 16, 22, 23)	 0.2871794871794872
(34, 40, 41, 45)	 0.39817629179331304
(18, 29, 30, 31, 41)	 0.2553191489361702
(10, 27, 58)	 0.29782359679266895
(28, 32, 34, 35)	 0.2925170068027211
(1, 5, 8, 11, 13)	 0.2135231316725979
(2, 6, 9, 14)	 0.3686274509803922
(31, 32, 34, 35, 46)	 0.25
(6, 13, 18, 35)	 0.38137472283813745
(13, 19)	 0.3315508021390375
(2, 56, 70)	 0.269018743109151
(42, 46, 89)	 0.2916213275299238
(1, 31, 75)	 0.26616915422885573
(1, 6, 26)	 0.17928902627511595
(39, 45, 55)	 0.3174603174603175
(8, 16, 33, 39, 44)	 0.19069767441860466
(2, 24, 29, 34, 42)	 0.30068337129840544
(11, 54, 57)	 0.2536115569823435
(3, 4, 5, 6, 7)	 0.198019801980198
(2, 17, 19)	 0.15789473684210525
(30, 32, 44)	 0.26420079260237783
(2, 5, 11, 26, 31)	 0.18227848101265826
(76, 80)	 0.1723076923076923
(11, 42, 61, 62)	 0.29118773946360155
(9, 12, 20, 27, 39)	 0.24516129032258066
(43, 47, 49, 53, 55)	 0.1895424836601307
(21, 26, 30, 36)	 0.21906693711967545
(5, 16, 45)	 0.12089810017271155
(4, 5, 22, 43)	 0.2822966507177033
(3, 66, 89)	 0.13039309683604985
(3, 11, 13)	 0.344391785150079
(1, 7, 8, 19, 22)	 0.18058690744920994
(5, 23, 24, 25)	 0.2706766917293233
(6, 19, 25, 39)	 0.19126819126819125
(5, 15, 16, 18, 20)	 0.2318181818181818
(1, 18, 30, 40, 41)	 0.2241379310344828
(23, 52, 59)	 0.2072936660268714
(9, 17, 18, 19, 23)	 0.2882882882882883
(4, 7, 8, 11, 17)	 0.3333333333333333
(3, 77, 85, 86, 87)	 0.27099236641221375
(7, 13, 16, 32)	 0.2081447963800905
(1, 7)	 0.19801980198019803
(13, 19)	 0.3368421052631579
(77, 85, 95)	 0.25361512791991103
(7, 137)	 0.18226600985221678
(13, 19)	 0.3862068965517241
(13, 20)	 0.13427010148321625
(61, 123)	 0.15855039637599094
(1, 3, 86)	 0.13502109704641352
(25, 87, 92)	 0.22009569377990432
(2, 8, 16, 21)	 0.4207492795389049
(4, 8, 12, 32, 36)	 0.22608695652173913
(5, 15, 61)	 0.19454545454545455
(2, 72, 73)	 0.22580645161290322
(4, 43, 59)	 0.23896103896103899
(12, 18, 21, 24, 29)	 0.39086294416243655
(7, 8, 19, 28, 29)	 0.30236794171220394
(2, 20, 23, 24, 27)	 0.2727272727272727
(1, 33, 79)	 0.18138987043580682
(15, 16, 44, 50)	 0.18510638297872342
(1, 5, 33, 41)	 0.16666666666666663
(11, 12, 21, 23)	 0.3973509933774834
(4, 5, 30, 81)	 0.2057416267942584
(4, 5, 8)	 0.14776632302405499
(2, 26, 72)	 0.35889570552147243
(2, 53, 55)	 0.14313346228239848
(1, 3, 7, 55)	 0.30324909747292417
(1, 2, 7, 10, 21)	 0.2640949554896142
(3, 10, 11)	 0.34065934065934067
(2, 13)	 0.3410138248847926
(16, 59, 60)	 0.12682926829268293
(1, 46, 51)	 0.2766798418972332
(12, 18)	 0.41379310344827586
(4, 16, 78)	 0.224058769513315
(5, 14, 16, 18, 20)	 0.2847457627118644
(1, 4, 9, 114)	 0.12626262626262624
(2, 5, 10, 15, 16)	 0.36893203883495146
(82, 101, 106)	 0.18269230769230768
(30, 46, 74)	 0.2709551656920078
(11, 18, 68)	 0.224
(10, 11, 12)	 0.4522968197879858
(1, 3, 7)	 0.16927899686520378
(1, 16, 17)	 0.19402985074626866
(6, 33, 36, 45)	 0.281021897810219
(1, 16, 17, 34)	 0.2878787878787879
(6, 60, 74)	 0.27543424317617865
(24, 30, 72, 76, 78)	 0.10677618069815195
(42, 52, 57, 63)	 0.2928709055876686
(1, 4, 19, 24, 29)	 0.3418367346938775
(24, 40, 42, 45)	 0.16740088105726872
(3, 8, 18)	 0.24516129032258063
(2, 5, 15, 27)	 0.12179487179487179
(2, 3, 5, 7)	 0.3869047619047619
(7, 19, 58)	 0.24751066856330017
(10, 14, 53)	 0.21461187214611874
(1, 2, 5, 31, 37)	 0.24924012158054706
(2, 3, 27, 29, 33)	 0.3057851239669422
(0, 6, 10, 19, 27)	 0.10940919037199125
(2, 7, 10, 11, 17)	 0.3698296836982969
(2, 12, 34)	 0.2899786780383795
(7, 9, 26, 32, 43)	 0.31428571428571433
(1, 2, 11, 12)	 0.32512315270935965
(1, 18, 34, 49)	 0.19130434782608696
(1, 4, 5, 9, 45)	 0.3796610169491525
(2, 3, 5, 15, 20)	 0.15841584158415842
(1, 32, 38, 39)	 0.33509700176366847
(102, 104, 105)	 0.16036308623298035
(10, 33, 44, 52)	 0.3224489795918367
(9, 13, 47)	 0.3848684210526316
(2, 12, 14, 40, 43)	 0.17454545454545456
(3, 23, 28, 29)	 0.2
(40, 46, 58)	 0.2975609756097561
(12, 19, 21, 25, 38)	 0.37795275590551175
(1, 3, 9, 10, 25)	 0.3582887700534759
(2, 9, 18, 20, 22)	 0.13852813852813853
(31, 43, 53, 68)	 0.4668192219679634
(3, 14, 34)	 0.2878787878787879
(7, 50, 51, 53)	 0.2222222222222222
(2, 13, 14, 19, 26)	 0.2331511839708561
(13, 16, 17, 27)	 0.26256983240223464
(23, 33, 40)	 0.2747909199522102
(8, 23, 34)	 0.20655737704918037
(1, 5, 11, 49)	 0.17410714285714285
(42, 47, 60)	 0.327150084317032
(67, 69, 75)	 0.19541375872382852
(2, 8, 108)	 0.15019762845849802
(14, 16, 23, 25, 31)	 0.37500000000000006
(2, 11, 25)	 0.2985074626865672
(3, 5)	 0.33401221995926683
(8, 13, 15, 16, 19)	 0.2857142857142857
(29, 48, 52)	 0.2897526501766784
(4, 5, 6, 11, 21)	 0.2948717948717949
(28, 29, 56)	 0.26291079812206575
(89, 91, 127)	 0.17666303162486371
(38, 42, 76)	 0.21252796420581657
(6, 12, 13, 14, 21)	 0.21764705882352942
(11, 20, 23, 29, 30)	 0.38676844783715014
(16, 38, 46, 69)	 0.18047337278106507
(33, 44, 47)	 0.4094955489614243
(2, 11, 14, 18, 25)	 0.34672304439746304
(7, 107)	 0.13456090651558075
(15, 18, 78)	 0.21883920076117983
(9, 11, 16, 17, 42)	 0.3945111492281304
(2, 3, 7, 14, 15)	 0.16029143897996356
(35, 53, 77)	 0.37339055793991416
(2, 3, 6, 20, 22)	 0.19672131147540986
(18, 50, 71)	 0.16812227074235808
(10, 14, 35, 40)	 0.18566775244299674
(5, 27, 61)	 0.2194513715710723
(6, 14, 17)	 0.10050251256281408
(95, 102)	 0.10657193605683836
(3, 15, 26)	 0.19775596072931276
(6, 14, 67)	 0.2886002886002886
(95, 131)	 0.1664656212303981
(2, 16, 49)	 0.2028169014084507
(1, 2, 42)	 0.3193717277486911
(35, 56, 81)	 0.25625000000000003
(27, 35, 67)	 0.19055244195356286
(6, 13, 16, 17, 20)	 0.23255813953488372
(90, 133, 134)	 0.36065573770491804
(1, 93)	 0.19389587073608616
(61, 91, 92)	 0.23728813559322035
(22, 60, 68)	 0.26040268456375837
(5, 7, 19, 33)	 0.41851106639839036
(21, 44, 45)	 0.21354166666666669
(2, 9, 15, 16)	 0.2346041055718475
(1, 2, 4, 6, 15)	 0.1818181818181818
(15, 55, 83)	 0.13114754098360656
(27, 37, 97)	 0.3412017167381975
(94, 95, 97)	 0.2671118530884808
(56, 70)	 0.058252427184466014
(50, 69, 95)	 0.1917355371900826
(2, 74, 89)	 0.1358267716535433
(45, 71)	 0.12737430167597769
(102, 106)	 0.11658291457286434
(10, 12, 13, 22)	 0.25
(39, 56, 98)	 0.20773930753564157
(59, 131, 157)	 0.11332007952286281
(6, 18, 31)	 0.12364425162689803
(79, 105, 141)	 0.14153846153846153
(61, 86)	 0.143236074270557
(22, 68, 70)	 0.23400365630712983
(1, 66, 95)	 0.152324431256182
(2, 103)	 0.07861271676300578
(3, 4, 65)	 0.31446540880503143
(42, 44, 99)	 0.2021818181818182
(53, 66, 75)	 0.3050847457627119
(8, 87, 91)	 0.261758691206544
(4, 38, 43)	 0.23310023310023312
(16, 46, 113)	 0.1739130434782609
(7, 37, 43)	 0.19484240687679083
(6, 15, 16)	 0.099009900990099
(23, 70, 72)	 0.2403628117913832
(10, 15)	 0.1097770154373928
(2, 111)	 0.18676337262012693
(58, 69, 82)	 0.16544117647058823
(2, 22, 24, 25, 36)	 0.19498607242339833
(5, 117)	 0.17252396166134185
(57, 113, 128)	 0.13138686131386862
(3, 6, 35)	 0.25531914893617025
(61, 115, 121)	 0.2503128911138924
(2, 124)	 0.14861235452103852
(1, 2, 7, 22, 38)	 0.4605678233438485
(2, 37, 87)	 0.18093699515347333
(27, 32, 34)	 0.23646723646723647
(7, 9, 22, 29)	 0.39498432601880884
(33, 51, 57)	 0.24522292993630573
(21, 36)	 0.150354609929078
(8, 11, 20, 22, 27)	 0.32413793103448274
(15, 20, 23, 25)	 0.2823834196891192
(11, 15, 17, 25, 36)	 0.3827956989247312
(1, 7, 21, 33)	 0.1806853582554517
(38, 54, 63)	 0.3806734992679356
(18, 22, 45, 51)	 0.3228511530398323
(3, 5, 6)	 0.23708206686930092
(4, 13, 14, 42, 48)	 0.4705882352941176
(2, 64, 99)	 0.19848975188781015
(1, 2, 5, 13, 26)	 0.19157088122605365
(21, 68)	 0.2644628099173554
(6, 8, 27, 29, 30)	 0.27702702702702703
(2, 7, 11, 19, 25)	 0.31313131313131315
(15, 65, 98)	 0.15990159901599016
(1, 44, 90)	 0.2839756592292089
(3, 4, 11, 15, 19)	 0.13440860215053765
(4, 9, 14)	 0.19246861924686193
(27, 43, 54)	 0.2187902187902188
(1, 71, 78)	 0.2850678733031674
(5, 54, 95)	 0.18169848584595127
(1, 2, 10, 27, 46)	 0.1818181818181818
(1, 7, 24, 26)	 0.3087557603686636
(15, 22, 44)	 0.13087557603686636
(20, 51, 60)	 0.1388235294117647
(2, 3, 6, 7, 20)	 0.21014492753623187
(23, 33, 38)	 0.14878892733564014
(20, 100)	 0.20925553319919515
(8, 16, 31, 39)	 0.2659279778393352
(3, 62, 63)	 0.22619047619047616
(13, 47, 50)	 0.20202020202020202
(4, 9, 69)	 0.14361702127659573
(23, 27, 33, 34, 35)	 0.2863247863247863
(3, 4, 12, 17)	 0.3733333333333333
(9, 13)	 0.32478632478632474
(9, 13)	 0.32203389830508483
(1, 4)	 0.064
(15, 21, 33, 35)	 0.4046511627906977
(3, 5, 18)	 0.1724941724941725
(9, 10, 11, 14, 16)	 0.33729216152019
(17, 101)	 0.10330912025827281
(12, 24, 62)	 0.13148788927335642
(14, 21, 86)	 0.17447081462475947
(2, 10, 20, 82)	 0.2048192771084337
(13, 35, 73)	 0.18901660280970625
(5, 44, 45, 52)	 0.1864754098360656
(10, 13, 19, 24, 27)	 0.27586206896551724
(1, 2, 10, 13, 17)	 0.28927680798004984
(11, 43, 65)	 0.23322332233223322
(3, 9, 11, 21, 22)	 0.3772727272727273
(56, 82, 87)	 0.4117647058823529
(52, 64, 66)	 0.19944082013047532
(2, 10, 33, 36)	 0.1918465227817746
(1, 2, 5, 7, 22)	 0.3462686567164179
(2, 3, 30, 44)	 0.2651685393258427
(1, 44, 74)	 0.1859706362153344
(15, 45, 80)	 0.3414161008729389
(6, 18, 67)	 0.12436115843270869
(15, 23, 24, 42, 43)	 0.38273921200750477
(2, 3, 11, 14)	 0.35714285714285715
(49, 100, 102)	 0.18776077885952713
(16, 21, 32)	 0.14600231749710313
(4, 20, 55)	 0.16834170854271358
(12, 21, 22, 23, 25)	 0.4337349397590361
(14, 21, 25, 35)	 0.3805668016194332
(1, 4, 19, 20, 22)	 0.14404432132963987
(3, 15, 16, 20)	 0.3507692307692308
(21, 43, 49)	 0.2774725274725275
(3, 14, 21, 46)	 0.4263038548752834
(1, 41, 42, 47)	 0.3181818181818182
(9, 13)	 0.32203389830508483
(3, 125)	 0.12420382165605096
(20, 34, 45)	 0.2096273291925466
(1, 17, 30)	 0.17834394904458595
(3, 111)	 0.10674157303370788
(8, 12)	 0.3333333333333333
(1, 81, 89)	 0.15625
(1, 7, 11, 13, 25)	 0.30734966592427615
(1, 3, 42, 47, 49)	 0.327790973871734
(42, 53, 81)	 0.19036697247706424
(15, 20, 21, 22)	 0.39864864864864863
(1, 3, 18, 19, 21)	 0.31221719457013575
(3, 6, 19, 20, 23)	 0.2915601023017903
(3, 27, 28, 43)	 0.24483775811209438
(23, 26, 33, 35, 43)	 0.4236252545824847
(2, 19, 60)	 0.2716049382716049
(10, 32, 53)	 0.18081180811808117
(6, 7, 9, 10, 25)	 0.3007518796992481
(2, 39, 49, 53, 59)	 0.21839080459770116
(5, 8, 76)	 0.21367521367521364
(24, 28, 44, 55)	 0.23350253807106597
(1, 5, 20, 22)	 0.2605633802816901
(1, 4, 5, 11, 12)	 0.17054263565891475
(2, 12, 25)	 0.304635761589404
(3, 7, 17, 18, 27)	 0.2775800711743772
(1, 6, 10, 43)	 0.20900900900900904
(10, 49, 52)	 0.34180138568129326
(86, 93)	 0.12038523274478331
(49, 50, 63)	 0.20239390642002178
(40, 41, 56)	 0.20735155513666353
(3, 9, 35, 62)	 0.34421364985163205
(40, 45, 47)	 0.2788104089219331
(8, 70, 75)	 0.18973862536302033
(5, 6, 53)	 0.259433962264151
(4, 11, 12, 27, 32)	 0.5156889495225102
(23, 66, 79)	 0.2514285714285714
(1, 68, 83)	 0.3099337748344371
(20, 30, 72)	 0.2657952069716775
(23, 24, 56)	 0.17131062951496387
(6, 10, 20, 22, 23)	 0.27561837455830385
(9, 10, 35)	 0.2640642939150402
(3, 5, 6, 13, 14)	 0.4393241167434716
(65, 88, 89)	 0.24083769633507854
(13, 100, 106)	 0.26534296028880866
(26, 146, 156)	 0.2562929061784897
(42, 83, 86)	 0.3575418994413408
(1, 5, 52)	 0.26459143968871596
(1, 3, 7, 54)	 0.31448763250883394
(14, 19, 21, 31)	 0.35319148936170214
(6, 49, 74)	 0.35475578406169667
(8, 14, 18, 28, 33)	 0.32786885245901637
(3, 14, 16, 18)	 0.3531746031746032
(31, 41, 54)	 0.2683363148479428
(32, 33, 87)	 0.18449612403100774
(102, 124)	 0.1553398058252427
(49, 77, 91)	 0.1003584229390681
(1, 23, 39, 42)	 0.21774193548387094
(2, 38, 47)	 0.2954209748892171
(3, 20, 24)	 0.3384064458370636
(3, 11, 18, 19)	 0.21301775147928995
(43, 54, 66)	 0.13043478260869565
(3, 28, 64)	 0.21966794380587484
(7, 10, 21, 24, 29)	 0.30107526881720437
(2, 3, 8, 17)	 0.22090729783037474
(19, 23, 36, 43)	 0.26373626373626374
(1, 2, 7, 12, 27)	 0.2686567164179105
(17, 34, 41)	 0.29678638941398866
(11, 24, 40)	 0.18911174785100288
(3, 6, 73)	 0.1707112970711297
(20, 35, 69)	 0.19251336898395724
(3, 7, 11, 12, 13)	 0.2245614035087719
(7, 64, 85)	 0.14312267657992564
(3, 29, 35, 36, 40)	 0.2275449101796407
(2, 8, 14, 20)	 0.292191435768262
(4, 24, 29, 32)	 0.3602941176470588
(41, 45, 64)	 0.16027874564459932
(4, 11, 12)	 0.4169611307420495
(40, 41, 70)	 0.3571428571428571
(1, 66, 101)	 0.27007299270072993
(3, 9, 12, 15, 16)	 0.3051948051948052
(9, 13)	 0.32203389830508483
(11, 44, 92)	 0.1468682505399568
(2, 101)	 0.1705237515225335
(15, 28, 43)	 0.33125000000000004
(71, 86, 96)	 0.14919354838709675
(1, 14, 18)	 0.2613803230543319
(54, 62, 79)	 0.1626016260162602
(3, 8, 11, 14, 18)	 0.4220472440944882
(1, 28, 29, 48)	 0.2867513611615245
(11, 15, 16, 33)	 0.34415584415584416
(3, 12, 52)	 0.1524752475247525
(37, 38, 41, 44)	 0.1404358353510896
(29, 34, 79)	 0.17391304347826086
(4, 5, 15, 16, 23)	 0.24279835390946503
(11, 23, 25, 31, 33)	 0.25957446808510637
(3, 6, 10, 12, 15)	 0.2914285714285714
(42, 60, 65)	 0.2944
(1, 3, 6, 9, 12)	 0.17658349328214973
(4, 35, 37, 54)	 0.2065217391304348
(23, 47, 48)	 0.29607250755287007
(4, 12, 14, 15, 21)	 0.28307692307692306
(16, 20, 22, 29)	 0.49378881987577644
(6, 12, 92)	 0.16109422492401215
(54, 69, 70, 75)	 0.2863961813842482
(3, 12, 26, 43)	 0.1779359430604982
(4, 5, 9)	 0.32075471698113206
(1, 5, 15)	 0.26399999999999996
(1, 9, 19, 25)	 0.33053221288515405
(6, 28, 32, 41)	 0.3262642740619902
(1, 4)	 0.16800000000000004
(48, 50, 89)	 0.30078125
(78, 109, 118)	 0.19346049046321528
(122, 123, 126)	 0.38526912181303113
(21, 51, 68)	 0.1959839357429719
(28, 31, 54)	 0.2319391634980989
(3, 8, 61)	 0.2698412698412698
(1, 3, 36, 48)	 0.3266666666666666
(96, 97, 100)	 0.23104693140794222
(9, 10, 23, 24, 35)	 0.4282655246252677
(9, 10, 37)	 0.2232142857142857
(1, 2, 5, 12, 24)	 0.1582278481012658
(11, 18, 26, 32, 34)	 0.367816091954023
(15, 20, 21, 22, 26)	 0.31775700934579443
(4, 17, 22, 24, 26)	 0.30626450116009285
(27, 40, 49)	 0.22222222222222224
(2, 10, 12, 16, 26)	 0.42187500000000006
(13, 16, 24, 31)	 0.3318903318903319
(2, 18, 24, 28)	 0.21067821067821071
(1, 3)	 0.13235294117647056
None	 0
(0, 5)	 0.14678899082568808
(3, 5, 7, 8)	 0.28686868686868683
(4, 7, 11, 54)	 0.24
(9, 11, 13, 15, 17)	 0.46524064171123
(6, 9)	 0.25757575757575757
(1, 20, 24)	 0.294478527607362
(4, 10, 12, 15, 21)	 0.3805668016194331
(1, 5, 10, 12)	 0.3142857142857142
(2, 5, 13, 14, 19)	 0.21645021645021645
(2, 3, 10, 11)	 0.26771653543307083
(2, 4, 5, 8, 11)	 0.23312883435582823
(0, 14, 44)	 0.2560240963855422
(5, 6, 8, 21)	 0.3413566739606127
(11, 27, 37, 41)	 0.2560777957860616
(17, 18, 27)	 0.25112107623318386
(11, 29, 32)	 0.1568627450980392
(1, 6, 7, 18)	 0.3244274809160305
(3, 6, 9, 14, 15)	 0.33121019108280253
(30, 34, 35, 39)	 0.3504761904761905
(7, 11, 13, 44)	 0.28220858895705525
(1, 2, 8, 15)	 0.15772870662460567
(1, 4, 5, 8)	 0.18181818181818182
(3, 6, 9, 20, 31)	 0.19029126213592235
(12, 15, 22, 31)	 0.2701612903225807
(2, 6, 12, 20, 26)	 0.17857142857142858
(12, 74, 94)	 0.14296134208606856
(61, 63, 65)	 0.2561065877128053
(1, 12)	 0.057692307692307696
(13, 20, 27, 31)	 0.2348993288590604
(8,)	 0.05555555555555555
(0, 10, 11)	 0.29955947136563876
(46, 47, 50)	 0.14664981036662453
(1, 2, 5, 13, 17)	 0.28817204301075267
(2, 4, 8, 11, 20)	 0.2672811059907834
(24, 93, 96)	 0.09946236559139786
(5,)	 0.05
(2, 9, 10, 12, 16)	 0.18478260869565216
(1, 14, 28, 31)	 0.26337448559670784
(1, 2, 7, 8, 9)	 0.16286644951140067
(1, 15, 16, 17, 22)	 0.24324324324324326
(12, 14, 15, 28)	 0.32983193277310924
(9, 50, 57)	 0.2127659574468085
(5, 11, 13, 30)	 0.312829525483304
(6, 7, 17, 19, 21)	 0.31491712707182323
(7, 10)	 0.10526315789473685
(2, 3, 7, 9, 11)	 0.3155080213903743
(1, 2, 15, 28)	 0.24802110817941952
None	 0
(2, 6, 7, 9, 23)	 0.2936170212765958
(13, 31, 32, 34, 37)	 0.34078212290502796
(7, 8, 9, 34, 36)	 0.20610687022900764
(38, 59, 65)	 0.25
(1, 5, 87)	 0.10215053763440858
(1, 6, 18)	 0.14048059149722736
(1, 5, 10, 11, 12)	 0.4073170731707317
(1, 28, 29, 33)	 0.21226415094339623
(3, 7, 9)	 0.14516129032258066
(3, 7)	 0.07407407407407408
(4, 45, 68)	 0.18141592920353983
(4, 11, 28)	 0.13387096774193546
(10, 14, 19, 20, 25)	 0.29508196721311475
(1, 3, 9, 14, 17)	 0.2828282828282828
(11, 12, 16, 20, 26)	 0.2142857142857143
(3, 4, 5, 11)	 0.37772397094430993
(7, 11, 13, 14)	 0.3134657836644592
(4, 9, 12, 13)	 0.33076923076923076
(13, 26, 28, 33)	 0.23407407407407407
(5, 7, 8, 11)	 0.2297872340425532
(5, 9, 11)	 0.3448275862068965
(5, 10)	 0.08333333333333333
(1, 2, 12, 13, 16)	 0.36279069767441857
(7, 13, 22, 25)	 0.2516778523489933
(1, 2, 12, 25, 26)	 0.2105263157894737
(1, 6, 14, 16, 22)	 0.28425096030729835
(36, 38, 51, 53)	 0.27891156462585037
(1, 50, 58)	 0.14358974358974358
(3, 8, 12, 16, 22)	 0.2420634920634921
(16, 52, 74)	 0.16282894736842105
(10, 82, 83)	 0.15716753022452504
(1, 7, 10, 12, 16)	 0.21914648212226068
(6, 7, 13, 14, 17)	 0.31235431235431244
(3, 6, 25, 26, 27)	 0.19883040935672516
(6, 7, 13)	 0.20731707317073172
(9, 11, 13, 16, 18)	 0.17435897435897435
(0, 2, 3, 7, 12)	 0.22628571428571426
(38, 48, 52)	 0.2596899224806202
None	 0
(11, 13, 18, 20, 21)	 0.315028901734104
(10, 11)	 0.21730382293762573
(6, 7, 19, 22, 31)	 0.29118773946360155
(1, 2, 6, 7)	 0.24840764331210194
(2, 3, 10)	 0.33830845771144274
(7, 10, 11, 13, 15)	 0.24074074074074078
(6, 8, 12, 39)	 0.2682634730538922
(2, 8, 12, 14, 16)	 0.33215547703180204
(11, 12, 13, 17, 20)	 0.24878836833602588
(10, 65, 67)	 0.20872865275142313
(1, 6, 21, 23, 31)	 0.2837988826815642
(21, 30, 61)	 0.1570552147239264
(22, 32, 46)	 0.20456466610312765
(2, 4, 28, 47)	 0.16204217536071033
(2, 3, 11, 17, 21)	 0.1841269841269841
(14, 20, 40, 43)	 0.18969072164948456
(1, 3, 6, 10, 16)	 0.07142857142857142
(2, 5, 8, 11, 13)	 0.24187725631768955
(1, 3, 5, 7, 8)	 0.16901408450704225
(0, 3)	 0.21951219512195122
(1, 27, 31, 37)	 0.22909090909090912
(1, 9, 82)	 0.2328966521106259
(4, 7, 8, 9)	 0.21768707482993196
(21, 26, 29, 39)	 0.31451612903225806
(2, 10, 14)	 0.2913669064748201
(7, 8, 12, 14, 15)	 0.4832214765100671
(1, 3, 5, 9, 10)	 0.2660944206008583
(4, 7, 50, 58)	 0.24365482233502542
(2,)	 0.1675392670157068
(8, 73, 74)	 0.1695402298850575
(30, 41, 63)	 0.17464788732394368
(4, 7, 11)	 0.27765726681127983
(18, 34, 48)	 0.1088646967340591
(16, 18, 24, 25, 26)	 0.32524271844660196
(7, 23, 26)	 0.339066339066339
(8, 11, 12, 14, 23)	 0.2938689217758985
(5, 22, 24, 34)	 0.23333333333333334
(2, 3, 11, 14, 19)	 0.26582278481012656
(6, 7, 9, 14, 15)	 0.28498727735368956
(14, 28, 34, 39, 43)	 0.34096692111959287
(2, 35, 57, 65)	 0.31296572280178836
(10, 16, 35, 44)	 0.3007518796992481
(0, 1, 18, 21, 24)	 0.3264705882352941
(3, 7, 18, 22, 23)	 0.2635658914728682
(1, 2, 5, 19, 25)	 0.2462311557788945
(10, 11, 22, 25)	 0.3148558758314856
(1, 2, 10, 20, 28)	 0.17391304347826086
(0, 2, 16, 17)	 0.2562814070351759
(1, 25, 28, 29, 32)	 0.30726256983240224
(6, 8, 25, 26, 28)	 0.3333333333333333
(9, 10, 11, 14, 15)	 0.34750462107208874
(0, 3, 8, 10, 12)	 0.2208955223880597
(1, 2, 4, 10, 12)	 0.3827751196172249
(1, 3, 19)	 0.17193836171938362
(4, 14, 68)	 0.1830065359477124
(38, 52, 56)	 0.16473072861668428
(51, 56, 58)	 0.2523659305993691
(0, 6, 16, 17, 30)	 0.385
(15, 24, 27, 28)	 0.20522388059701493
(1, 18, 19, 29)	 0.2578512396694215
(23, 56, 62, 64)	 0.20421393841166935
(4, 8, 14, 16, 18)	 0.34358974358974353
(5, 6, 15, 17)	 0.2956521739130435
(5, 13)	 0.10169491525423728
