(1, 9, 10)	 0.2681992337164751
(0, 1)	 0.18897637795275588
(25, 34, 38, 40)	 0.1422018348623853
(13, 15, 16, 17)	 0.17521367521367523
(5, 16, 20, 32)	 0.16733067729083667
(5, 7, 24)	 0.15034482758620688
(28, 30, 59, 66)	 0.2521551724137931
(1, 4, 8, 16, 20)	 0.16666666666666669
(3, 14, 20, 42)	 0.1158059467918623
(2, 5, 6, 17, 25)	 0.07920792079207921
(4, 30, 47, 53)	 0.12213740458015265
(6, 10, 19, 23)	 0.1348314606741573
(1, 26, 36)	 0.2206896551724138
(8, 11, 19, 21, 25)	 0.255050505050505
(11, 17, 19, 22, 25)	 0.1549636803874092
(16, 80, 111)	 0.1524663677130045
(3, 7, 61)	 0.19303797468354428
(4, 28, 76)	 0.14744801512287334
(1, 3, 4, 9, 19)	 0.37209302325581395
(1, 4, 5, 15)	 0.2918454935622317
(3, 32, 44)	 0.145985401459854
(55, 57)	 0.4431818181818181
(1, 19, 20, 21, 22)	 0.40326975476839233
(1, 11, 12, 13)	 0.40519480519480516
(1, 6, 14, 17, 18)	 0.20098039215686275
(1, 6, 15, 28)	 0.15347721822541965
(10, 11, 12, 21)	 0.20689655172413796
(3, 4, 25)	 0.3870967741935484
(2, 5, 7, 10, 13)	 0.19298245614035087
(1, 8, 10, 11, 15)	 0.2621722846441948
(1, 2, 15, 41)	 0.22058823529411764
(2, 9, 16, 21, 27)	 0.2295081967213115
(18, 19, 20, 24, 26)	 0.6165413533834587
(6, 12, 20, 41)	 0.2817258883248731
(2, 4, 6, 7, 31)	 0.17142857142857146
(4, 6, 80)	 0.22044728434504793
(6, 7, 12, 21)	 0.1761827079934747
(9, 12, 13)	 0.16083916083916083
(3, 5, 22)	 0.13237924865831843
(1, 3, 5, 19, 24)	 0.14149139579349904
(2, 52, 66)	 0.12188365650969528
(4, 24, 66)	 0.1677096370463079
(2, 10, 11, 12, 22)	 0.18604651162790695
(2, 13, 16)	 0.11353711790393013
(13, 50, 58)	 0.3590604026845638
(1, 7, 11, 18, 20)	 0.20625000000000002
(1, 10, 18)	 0.1608540925266904
(2, 4, 6, 10)	 0.20591715976331362
(1, 6, 26, 30)	 0.25000000000000006
(1, 3, 5, 12, 25)	 0.32380952380952377
(1, 19, 20, 23)	 0.2140221402214022
(1, 7, 33, 37)	 0.16829745596868884
(1, 4, 7, 19, 33)	 0.25559105431309903
(1, 2, 3, 4, 21)	 0.24122807017543862
(1, 19, 21, 39)	 0.22188449848024316
(4, 5, 9, 11, 18)	 0.1553784860557769
(3, 9, 10, 12, 24)	 0.2562396006655574
(7, 15)	 0.2660550458715596
(1, 5, 6, 13, 15)	 0.14492753623188404
(2, 3, 31, 52)	 0.3055555555555556
(1, 9, 17, 33)	 0.22259136212624583
(2, 17, 19, 24, 25)	 0.21798365122615804
(1, 7, 8, 9, 26)	 0.28938906752411575
(1, 3, 4, 7, 11)	 0.1855072463768116
(3, 13, 24, 25)	 0.19444444444444445
(13, 17, 36, 40)	 0.18452380952380953
(17, 23, 25, 46)	 0.21037037037037037
(1, 15, 21, 27, 35)	 0.27480916030534347
(3, 4, 5, 6, 26)	 0.2615894039735099
(1, 3, 5, 7, 10)	 0.2569444444444444
(1, 3, 4, 5, 6)	 0.17374517374517373
(7, 17, 25, 33)	 0.2105263157894737
(8, 13, 19, 21, 30)	 0.22134387351778653
(2, 4, 5, 15, 17)	 0.28354430379746837
(2, 3, 7, 8, 12)	 0.22619047619047616
(3, 4, 6, 17, 20)	 0.2956521739130435
(2, 6, 17, 19, 22)	 0.18905472636815918
(1, 3, 4, 10, 14)	 0.22439024390243903
(5, 6, 7, 8)	 0.5226130653266331
(1, 8)	 0.5952380952380953
(2, 3, 4, 5, 6)	 0.17218543046357618
(1, 14, 23, 24, 31)	 0.175054704595186
(2, 3, 5, 8)	 0.13259668508287292
(5, 6, 7, 9, 10)	 0.16606498194945846
(7, 8, 13, 18)	 0.42696629213483145
(4, 5)	 0.5714285714285714
(1, 13, 24, 27, 31)	 0.24096385542168672
(3, 6, 7, 8, 9)	 0.1625441696113074
(1, 6, 9, 22)	 0.21212121212121213
(9, 25, 26, 39)	 0.4599303135888502
(10, 14, 15, 18, 21)	 0.331002331002331
(5, 11, 14, 28, 45)	 0.20091324200913244
(17, 18, 19)	 0.39834024896265563
(1, 3, 6, 11)	 0.4186046511627907
(2, 5, 6)	 0.4235294117647059
(9, 12, 25, 30)	 0.43670886075949367
(1, 2, 9, 14)	 0.12048192771084339
(1, 8, 9, 12, 17)	 0.23162583518930957
(13, 37, 38)	 0.4909390444810543
(2, 13, 17, 18, 21)	 0.382089552238806
(19, 23, 30, 31)	 0.4881889763779527
(1, 12, 15, 25)	 0.47058823529411764
(6, 7, 11, 33)	 0.17261904761904762
(19, 24, 30, 39)	 0.48327137546468396
(5, 13, 24, 38)	 0.1912751677852349
(12, 13, 14, 25, 29)	 0.5727699530516432
(11, 23, 24, 30)	 0.2559241706161137
(6, 8, 34, 35)	 0.4980237154150197
(24, 27, 74)	 0.3262764632627646
(3, 4, 8, 14)	 0.3036303630363036
(5, 13, 19, 22, 27)	 0.10882708585247884
(2, 8, 9)	 0.24528301886792453
(15, 17, 21, 23, 24)	 0.22745098039215683
(6, 20)	 0.532608695652174
(1, 11, 14)	 0.2510822510822511
(5, 7, 8, 10, 15)	 0.14392059553349876
(2, 6, 34, 35)	 0.28873239436619713
(2, 7)	 0.3565891472868217
(2, 3, 4, 6, 9)	 0.2580645161290323
(1, 2, 16, 17)	 0.18934911242603553
(4, 5, 22, 25)	 0.2786069651741293
(6, 10, 16, 18)	 0.5129682997118156
(26, 35, 51)	 0.3214285714285714
(13, 14, 32, 37)	 0.3076923076923077
(7, 8, 9, 10, 11)	 0.5818181818181818
(7, 8, 9, 12, 19)	 0.32857142857142857
(0, 1, 5)	 0.1610738255033557
(2, 5, 6)	 0.37373737373737376
(8, 13, 15, 16, 20)	 0.17600000000000002
(3, 4, 21)	 0.5714285714285715
(5, 10, 15, 16, 23)	 0.19047619047619052
(4, 8, 11)	 0.40226628895184136
(6, 7)	 0.4054054054054054
(1,)	 0.41897233201581024
(1, 5, 6)	 0.13173652694610777
(3, 5)	 0.1487603305785124
(3, 4)	 0.07999999999999999
(1, 2, 3, 5, 20)	 0.3323262839879154
(4, 5, 17, 28)	 0.387434554973822
(1, 3, 7, 8, 10)	 0.10830324909747292
(1, 15, 16)	 0.3923444976076555
(3, 8, 58)	 0.17248062015503876
(2, 5, 65)	 0.29820051413881754
(7, 10, 12, 23)	 0.15563298490127758
(0, 1, 8, 11, 12)	 0.18511796733212343
(4, 6, 9, 10, 11)	 0.15538847117794488
(1, 12, 33, 36)	 0.21204819277108433
(3, 5, 12, 14, 21)	 0.15483870967741933
(7, 15, 19)	 0.19926199261992622
(8, 10, 11, 14, 16)	 0.15060240963855423
(2, 13, 59, 64, 66)	 0.19921874999999997
(2, 16, 17, 19, 34)	 0.16046966731898238
(21, 24, 85)	 0.10031347962382446
(44, 46, 49, 51)	 0.33333333333333337
(2, 6, 9, 16)	 0.15658362989323846
(0, 5, 24, 30)	 0.16597510373443983
(8, 16, 33, 43)	 0.17500000000000002
(6, 7, 8, 12, 15)	 0.2753164556962025
(4, 18, 58, 60)	 0.3754889178617992
(14, 20, 31)	 0.18342541436464085
(1, 5, 37, 39)	 0.1675213675213675
(16, 33, 78)	 0.18910585817060638
(17, 26, 52)	 0.14002642007926025
(1, 13, 17, 25, 37)	 0.2459396751740139
(2, 4, 7, 26, 27)	 0.234375
(2, 13, 31, 40)	 0.1914460285132383
(2, 21, 31, 32)	 0.36229205175600737
(2, 13, 25, 26, 28)	 0.18983050847457628
(3, 9, 22)	 0.25
(12, 28, 52)	 0.21559633027522937
(41, 55, 57)	 0.21782178217821785
(93, 94, 95)	 0.23076923076923078
(8, 35, 36, 37)	 0.45308924485125857
(2, 4, 23)	 0.26285714285714284
(8, 10, 12, 15, 18)	 0.25078369905956116
(38, 39, 41, 46)	 0.3260869565217391
(2, 3, 12)	 0.48076923076923067
(5, 9, 11, 14, 24)	 0.4486486486486486
(1, 9, 10, 16, 23)	 0.4273858921161826
(1, 8, 13, 14)	 0.13580246913580246
(9, 13, 19, 38)	 0.30618892508143325
(3, 5, 8, 14, 20)	 0.2913669064748201
(9, 48, 52, 58)	 0.2736842105263158
(1, 12, 15, 20)	 0.27555555555555555
(10, 13, 16)	 0.2647058823529412
(9,)	 0.31952662721893493
(6, 7, 8, 18)	 0.5315712187958884
(1, 2, 3, 6, 28)	 0.4426229508196721
(3, 24, 30)	 0.18269230769230768
(0, 10, 12, 13)	 0.3869346733668342
(55, 62, 68)	 0.3619047619047619
(5, 25, 29, 34)	 0.31620553359683795
(1, 31, 34, 49)	 0.36220472440944884
(2, 6, 12, 20, 21)	 0.2901960784313726
(1, 32, 35, 38)	 0.27307692307692305
(23, 34, 37, 41)	 0.5086705202312138
(4, 15, 19, 21, 23)	 0.465324384787472
(8, 13, 15, 17, 23)	 0.2882882882882883
(1, 15, 20)	 0.36947791164658633
(15, 17, 22, 25)	 0.34912718204488785
(5, 6, 8)	 0.37090909090909097
(1, 14, 17, 18, 20)	 0.32599118942731276
(5, 12, 16, 20, 21)	 0.3804878048780488
(8, 12, 76)	 0.42577030812324934
(8, 12, 13)	 0.13986013986013984
(1, 35, 36)	 0.27897838899803534
(1, 11, 12, 13, 19)	 0.2925045703839123
(2, 10, 20, 34)	 0.35205992509363293
(1, 19, 25, 30)	 0.2088607594936709
(41, 81, 83)	 0.21708542713567838
(1, 31, 33, 39)	 0.3846153846153846
(11, 12, 39)	 0.32373113854595337
(4, 6, 21, 30, 33)	 0.31292517006802717
(9, 11, 69)	 0.3529411764705882
(1, 6, 7, 14, 20)	 0.15277777777777776
(1, 10, 14, 20, 23)	 0.19555555555555557
(8, 10, 12, 18)	 0.3547169811320755
(1, 2, 14)	 0.25833333333333336
(1, 11, 12)	 0.2943722943722944
(1, 2, 3, 22, 25)	 0.23834196891191708
(1, 18, 19)	 0.17647058823529416
(67, 81, 87)	 0.40414507772020725
(2, 4, 13, 18, 20)	 0.47500000000000003
(1, 10, 13, 15)	 0.25781249999999994
(3, 5, 11, 16, 19)	 0.19761499148211245
(1, 2, 3, 5, 10)	 0.25961538461538464
(5, 8, 11, 17, 19)	 0.30985915492957744
(87, 88, 90)	 0.37293729372937295
(6, 8, 33)	 0.24000000000000002
(1, 6, 15, 22, 23)	 0.4180327868852459
(2, 7, 11, 14)	 0.2826086956521739
(51, 52, 53)	 0.41025641025641024
(1, 2, 3, 17)	 0.37398373983739835
(1, 5, 13, 18, 19)	 0.24460431654676257
(4, 32, 37)	 0.13170731707317074
(0, 1, 15, 26, 27)	 0.28893905191873587
(1, 6, 18, 20, 29)	 0.39516129032258074
(3, 8, 15, 18, 27)	 0.21262458471760795
(1, 15, 16)	 0.2891566265060241
(8, 25, 26)	 0.2592592592592593
(1, 3, 13, 14)	 0.3515151515151515
(1, 9, 10)	 0.40476190476190477
(4, 10, 11, 20, 25)	 0.3209169054441261
(4, 6, 10, 12)	 0.3526881720430108
(6, 10, 12, 23, 25)	 0.4301075268817204
(1, 12, 13, 20, 22)	 0.2647058823529412
(1, 2, 7, 8)	 0.23204419889502761
(12, 21, 29, 32)	 0.35433070866141736
(12, 17, 48)	 0.22920517560073939
(2, 8, 21, 26, 34)	 0.1741573033707865
(8, 9, 10, 14)	 0.12607449856733524
(2, 29, 30)	 0.10013908205841444
(13, 14, 22)	 0.12376237623762376
(58, 62, 68)	 0.1316270566727605
(7, 10, 15, 20, 22)	 0.19285714285714287
(1, 4, 22, 28)	 0.15748031496062992
(23, 24, 28, 30, 33)	 0.12
(7, 23, 29)	 0.12238805970149255
(6, 25, 26, 27, 32)	 0.28832116788321166
(1, 2, 3, 25, 26)	 0.16371681415929204
(5, 33, 38, 41, 44)	 0.1506276150627615
(13, 16, 32, 34)	 0.334384858044164
(2, 8, 9, 16, 21)	 0.2901234567901235
(44, 49, 51)	 0.19522776572668113
(1, 9, 24, 27)	 0.23220973782771537
(53, 74, 76)	 0.11486486486486487
(4, 8, 22, 44)	 0.16234887737478412
(8, 40, 59)	 0.16537467700258396
(1, 2, 6, 7, 11)	 0.2727272727272727
(14, 30, 31)	 0.14917127071823205
(39, 46, 82)	 0.1630901287553648
(1, 4, 9, 15, 25)	 0.2425629290617849
(2, 7, 14, 16, 18)	 0.3036303630363037
(1, 3, 9, 11)	 0.3045685279187817
(36, 45, 59)	 0.14285714285714288
(10, 18, 83)	 0.15979381443298968
(1, 7, 67)	 0.22913719943422917
(2, 11, 15, 17, 23)	 0.2447129909365559
(1, 53, 77)	 0.11505507955936353
(4, 9, 16, 23, 27)	 0.48258706467661694
(1, 2)	 0.20212765957446807
(3, 10, 17, 26, 30)	 0.18666666666666665
(4, 5, 12, 13, 16)	 0.2851851851851852
(21, 31, 32, 33, 38)	 0.32275132275132273
(1, 5, 6, 11)	 0.19730941704035873
(2, 5, 17, 19, 21)	 0.43069306930693074
(26, 35, 42, 46)	 0.2397260273972603
(11, 28, 30, 31)	 0.21810699588477364
(12, 14)	 0.4397905759162304
(9, 17, 22, 23)	 0.5106382978723404
(17, 28, 32, 33)	 0.423469387755102
(7, 12, 23, 41)	 0.4218362282878412
(13, 14)	 0.31768953068592054
(1, 27, 30, 35)	 0.32653061224489793
(5, 27)	 0.29090909090909095
(1, 13, 15, 22, 24)	 0.20833333333333331
(6, 11, 15, 20, 23)	 0.23021582733812948
(1, 2, 4, 5, 6)	 0.22163588390501318
(21, 22)	 0.31097560975609756
(2, 4, 21, 39)	 0.22510822510822512
(2, 12, 14, 19, 20)	 0.20485175202156333
(3, 12, 20, 21, 24)	 0.21453287197231835
(33, 45, 63)	 0.27876106194690264
(4, 25, 31)	 0.20576131687242796
(5, 20, 22, 28)	 0.41025641025641024
(9, 12, 13, 14)	 0.3687150837988826
(1, 2, 3, 5, 14)	 0.23333333333333334
(25, 28, 30, 32)	 0.3612903225806452
(9, 24, 26, 29)	 0.3617463617463617
(5, 6, 15, 16, 27)	 0.20947630922693267
(1, 3, 11, 13)	 0.3755102040816326
(2, 3, 15, 16)	 0.3
(7, 28, 30, 32, 38)	 0.17040358744394618
(1, 2, 10, 12, 13)	 0.2694300518134715
(10, 11, 14, 28)	 0.5257452574525745
(4, 6, 7, 16, 17)	 0.2857142857142857
(8, 22, 26, 33)	 0.16296296296296298
(9, 11, 16)	 0.4140969162995595
(3, 4, 9)	 0.23376623376623376
(1, 10, 12, 37)	 0.22457627118644066
(18, 20, 31)	 0.4498480243161094
(6, 14, 15, 25)	 0.23923444976076555
(4, 40, 52, 53, 56)	 0.41693811074918563
(3, 16)	 0.37735849056603776
(1, 46, 49)	 0.1780673181324647
(20, 21, 25, 26)	 0.5686746987951807
(3, 24, 26)	 0.17232375979112274
(1, 8, 10, 15, 22)	 0.36363636363636365
(12, 13, 17, 39)	 0.2885375494071146
(10, 11, 15)	 0.30484988452655887
(13, 14, 23, 26)	 0.2723004694835681
(2, 4, 6)	 0.4639498432601881
(4, 5, 18)	 0.20080321285140562
(4, 9, 10, 14, 16)	 0.2782608695652174
(1, 14, 46)	 0.20437956204379562
(4, 27, 28, 29, 31)	 0.32398753894081
(1, 6, 9, 18, 22)	 0.22110552763819097
(3, 4, 5, 21, 25)	 0.5546666666666666
(4, 7, 12, 16, 24)	 0.26966292134831465
(4, 6, 12)	 0.29152542372881357
(1, 2, 3, 6, 9)	 0.24683544303797467
(6, 12, 17, 31)	 0.20392156862745098
(1, 11, 12, 16, 30)	 0.2934232715008432
(27, 29, 30, 40)	 0.19672131147540983
(27, 29, 30, 33)	 0.2164705882352941
(5, 6, 9, 10)	 0.3116883116883117
(1, 2, 13, 18, 19)	 0.17847769028871394
(16, 22, 23)	 0.288135593220339
(1, 12, 20, 22, 27)	 0.16938110749185667
(2, 10, 17, 28)	 0.19607843137254902
(0, 1, 10, 19)	 0.3641975308641976
(3, 8, 18)	 0.24107142857142858
(19, 30, 33, 36)	 0.2521489971346705
(11, 13, 15, 16)	 0.3247863247863248
(4, 5)	 0.32978723404255317
(1, 3, 49)	 0.16853932584269662
(23, 28, 31)	 0.21656050955414013
(8, 35, 37, 45)	 0.2537313432835821
(8, 10, 15, 16, 17)	 0.28969359331476324
(5, 7, 8, 9)	 0.35398230088495575
(20, 22, 34, 37)	 0.19953596287703018
(1, 23, 24, 30, 35)	 0.311046511627907
(24, 40, 43, 44)	 0.3412969283276451
(35, 40, 63)	 0.3609022556390977
(14, 15, 16)	 0.36111111111111105
(12, 38, 52)	 0.26086956521739135
(16, 17, 21, 23)	 0.2724252491694352
(3, 11, 25, 31)	 0.26409495548961426
(12, 23, 29, 38)	 0.30289532293986643
(21, 23, 28, 42)	 0.5
(1, 15, 17, 19)	 0.2857142857142857
(1, 8, 12, 15, 17)	 0.1839080459770115
(1, 3, 15, 17)	 0.2228915662650602
(4, 5)	 0.11864406779661016
(4, 11, 12, 14)	 0.3908045977011494
(16, 23, 24)	 0.23859649122807014
(5, 10, 19, 20)	 0.43362831858407075
(15, 19, 23, 28, 29)	 0.39867109634551495
(2, 7, 13, 14, 15)	 0.199203187250996
(7, 10, 17, 48)	 0.20648967551622424
(1, 7, 12, 17, 18)	 0.14792899408284024
(14, 32, 39, 43)	 0.22222222222222224
(4, 8, 10, 11)	 0.16393442622950818
(27, 29, 62)	 0.12373453318335208
(8, 11, 16, 21, 32)	 0.21348314606741575
(11, 20, 24, 28, 41)	 0.1791907514450867
(12, 20, 22, 35, 37)	 0.17617866004962782
(27, 29, 38, 40)	 0.2
(1, 7, 10)	 0.13818181818181818
(1, 3, 11, 12, 13)	 0.2200488997555012
(4, 9, 10, 14, 16)	 0.23602484472049687
(2, 3, 4, 6, 20)	 0.2936708860759493
(1, 21, 26, 28, 35)	 0.15178571428571427
(2, 3, 5, 11, 15)	 0.18815331010452963
(3, 6, 8, 15, 30)	 0.21926910299003322
(1, 10, 11)	 0.16470588235294117
(4, 17, 20, 24)	 0.18627450980392157
(1,)	 0.33333333333333337
(1, 11, 15, 19, 27)	 0.127536231884058
(6, 11, 13, 15, 34)	 0.2249240121580547
(3, 8, 9, 15, 31)	 0.2328159645232816
(1, 26)	 0.18032786885245905
(1, 9, 13, 17, 18)	 0.24782608695652175
(2,)	 0.13793103448275862
(7, 10, 11, 14, 15)	 0.19
(6, 7, 36)	 0.3208685162846803
(2, 22, 23, 42)	 0.26160337552742613
(1, 3, 5)	 0.23197492163009406
(1, 25, 27, 28)	 0.31901840490797545
(2, 3, 4)	 0.10619469026548672
(1, 4, 7, 47, 51)	 0.2904841402337229
(1, 5, 6, 15, 18)	 0.20080321285140565
(7, 16, 39)	 0.09836065573770492
(2, 4, 7, 8, 11)	 0.18154761904761907
(7, 40, 45)	 0.25615763546798026
(11, 14, 17, 20, 36)	 0.19680851063829785
(1, 2, 9, 10)	 0.254606365159129
(5, 12, 13, 17, 22)	 0.5149700598802395
(1, 29)	 0.2837837837837838
(1, 2, 6, 13, 18)	 0.16097560975609757
(3, 11, 24)	 0.14746543778801843
(1, 6, 8, 16, 18)	 0.35019455252918286
(5, 7, 8, 18, 20)	 0.350210970464135
(2, 4, 8, 9, 15)	 0.2613065326633166
(2,)	 0.6203703703703705
(3, 4, 9, 12, 15)	 0.1437908496732026
(2, 3, 12, 13, 15)	 0.2565789473684211
(2, 4, 12)	 0.16267942583732053
(1, 12, 19)	 0.30331753554502366
(3, 5)	 0.21864951768488747
(1, 3, 5, 6, 11)	 0.2926829268292683
(21, 23, 24, 30, 32)	 0.2702702702702703
(18, 25, 38, 48)	 0.189247311827957
(1, 27, 38)	 0.19089900110987792
(1, 3, 4, 10, 13)	 0.1095890410958904
(2, 8, 21, 22, 26)	 0.24872231686541735
(5, 6, 18, 19, 20)	 0.23197492163009403
(5, 11, 17)	 0.2277580071174377
(5, 6, 13, 18)	 0.13813813813813813
(1, 4)	 0.15859030837004404
(3, 7, 13, 19, 21)	 0.26815642458100564
(8, 13, 15, 19, 25)	 0.15568862275449102
(2, 3, 6, 9, 25)	 0.16777041942604853
(4, 8, 15, 25, 32)	 0.3018181818181818
(1, 4, 9, 14, 15)	 0.29464285714285715
(1, 2, 4, 14, 16)	 0.19811320754716982
(4, 11, 13, 31, 34)	 0.3218390804597701
(11, 18, 20, 39)	 0.16317991631799164
(35, 41, 48)	 0.14074914869466515
(1, 5, 13)	 0.2184873949579832
(2, 8, 9)	 0.30962343096234307
(21, 36, 40)	 0.24404761904761904
(13, 16, 18, 23)	 0.3174603174603175
(3, 7, 13, 24, 25)	 0.35
(4, 5, 10, 19, 30)	 0.3358778625954198
(34, 61, 66)	 0.18202502844141072
(1, 4, 8, 9, 10)	 0.25653798256537985
(9, 12, 13, 14, 18)	 0.20758483033932135
(2, 5, 21, 27)	 0.18181818181818182
(7, 8, 12, 27, 30)	 0.38260869565217387
(9, 10, 17, 20, 21)	 0.22306238185255198
(14, 21, 41, 43)	 0.19756838905775076
(1, 5, 12, 13, 19)	 0.2547993019197208
(1, 3, 18, 51)	 0.22810590631364563
(5, 6, 7)	 0.3609022556390977
(17, 19, 41)	 0.22550052687038988
(3, 4, 5, 19, 28)	 0.25096030729833546
(3, 4, 7, 16, 17)	 0.23255813953488372
(3, 4, 5, 16, 37)	 0.287519747235387
(0, 6, 7, 28, 29)	 0.19099099099099098
(0, 8, 9, 10)	 0.13202247191011235
(1, 2, 6, 11, 12)	 0.2867383512544803
(9, 19, 25, 31, 37)	 0.14383561643835616
(35, 37, 57)	 0.1990950226244344
(0, 8, 58)	 0.09502598366740904
(1, 2, 4, 14, 41)	 0.33333333333333337
(8,)	 0.20512820512820512
(0, 4, 13, 31, 33)	 0.29347826086956524
(2, 8, 18, 19, 22)	 0.2576271186440678
(13, 16, 23)	 0.18560606060606064
(1, 2, 9, 16, 26)	 0.22941176470588234
(4, 41, 46, 49)	 0.16595744680851063
(0, 5, 6, 13, 20)	 0.14683544303797466
(1, 2, 8, 18)	 0.21515892420537897
(1, 58, 65)	 0.23076923076923075
(3, 13, 14, 20, 22)	 0.16
(1, 5, 6, 16)	 0.2149321266968326
(1, 10, 18)	 0.17419354838709677
(1, 5, 10, 16, 22)	 0.20430107526881724
(4, 13, 16, 22)	 0.15660377358490565
(7, 22, 23, 38)	 0.21777777777777776
(1, 21, 22)	 0.22959889349930843
(1, 10, 15, 17, 25)	 0.2276923076923077
(1, 7, 12, 16)	 0.29032258064516125
(2, 13, 18, 32)	 0.2772585669781931
(1, 10, 26, 27, 30)	 0.3389830508474576
(0, 16, 25)	 0.3849557522123894
(11, 12, 14, 15)	 0.2385321100917431
(1, 8, 9, 14)	 0.35507246376811596
(0, 10, 16, 19, 24)	 0.3594771241830066
(3, 10, 12, 13, 22)	 0.28205128205128205
(22, 25, 26, 29)	 0.2876949740034662
(13, 17, 22, 25)	 0.2536231884057971
(4, 6, 7, 9, 13)	 0.17142857142857146
(1, 14, 16, 18, 20)	 0.19584569732937687
(1, 3, 4, 7, 14)	 0.18181818181818182
(3, 5, 12, 15, 22)	 0.15625
(7, 8, 14, 15, 22)	 0.28708133971291866
(1, 4, 5, 19, 20)	 0.3310344827586207
(2, 8, 13, 40)	 0.24296296296296294
(0, 1, 5, 18)	 0.20246913580246914
(8, 10, 12, 14, 15)	 0.3184257602862254
(4, 10)	 0.3131868131868132
(6, 8, 11, 13, 19)	 0.3339587242026267
(2, 10, 11, 53)	 0.23874755381604698
(1, 4, 10, 15, 17)	 0.2028169014084507
(12, 17, 19, 21, 30)	 0.17316017316017315
(2, 3, 7, 13, 21)	 0.2849740932642487
(6, 8, 10, 13)	 0.24200913242009134
(27, 42, 47)	 0.13738959764474976
(4, 7, 38, 39, 40)	 0.2094240837696335
(1, 14, 23, 41)	 0.18002812939521803
(10, 24, 25, 31, 35)	 0.19607843137254902
(0, 28, 61)	 0.1316931982633864
(1, 4, 5, 8, 9)	 0.2174629324546952
(18, 49, 66)	 0.17539585870889157
(10, 17, 22)	 0.1899736147757256
(2, 5, 10, 11, 12)	 0.21932114882506526
(1, 8, 13, 22, 30)	 0.22939068100358426
(10, 12, 15, 17, 18)	 0.3445945945945946
(1, 11, 13, 17)	 0.15725806451612903
(0, 2, 4, 6, 28)	 0.3032128514056225
(2, 12, 14, 15, 20)	 0.24918032786885247
(7, 40, 69)	 0.13983739837398373
(22, 25, 28, 38)	 0.3917274939172749
(44, 50, 72)	 0.19978746014877788
(3, 6, 8, 9)	 0.13541666666666663
(11, 18, 21, 24, 30)	 0.23853211009174308
(7, 10)	 0.28358208955223885
(11, 16, 18, 20, 25)	 0.24761904761904763
(5, 7, 9, 10, 20)	 0.19793205317577547
(6, 16, 17, 24, 32)	 0.2453222453222453
(1, 8, 13, 15, 32)	 0.22545454545454544
(1, 3, 6, 9, 13)	 0.32558139534883723
(2, 3, 34)	 0.2459312839059675
(1, 2, 7, 9, 20)	 0.2555066079295154
(6, 7, 9, 19, 21)	 0.1324503311258278
(1, 8, 38)	 0.21747967479674796
(0, 18, 23, 27, 33)	 0.15189873417721517
(5, 14, 15, 17, 26)	 0.21686746987951805
(3, 15, 24, 26, 27)	 0.389423076923077
(1, 36, 37, 39)	 0.2567567567567568
(7, 10, 11, 12, 18)	 0.3923240938166311
(5, 6, 16)	 0.2338308457711443
(8, 10, 11, 21)	 0.1824817518248175
(3, 23, 25, 44)	 0.24084778420038536
(5, 23, 27, 32, 34)	 0.17921146953405018
(3, 13, 20, 30, 33)	 0.20394736842105263
(5, 7, 31, 41)	 0.3690036900369003
(3,)	 0.26966292134831465
(11, 15, 18, 36)	 0.3017329255861366
(1, 2, 7, 8, 19)	 0.2378048780487805
(8, 11)	 0.1559536354056902
(53, 57, 66)	 0.29095074455899195
(2, 3, 5, 14)	 0.3571428571428571
(3, 9, 10, 18, 21)	 0.20151133501259444
(1, 2, 5)	 0.17557251908396945
(1, 5, 19, 21, 24)	 0.2556390977443609
(1, 16, 17, 22, 25)	 0.4202626641651032
(1, 2, 38)	 0.26294820717131473
(23, 28, 30, 31)	 0.38045375218150085
(11, 16, 63)	 0.11061285500747385
(1, 4, 8, 14, 21)	 0.4294234592445328
(0, 10, 12, 13)	 0.3373913043478261
(7, 10, 15)	 0.3908045977011494
(18, 29, 50)	 0.17142857142857143
(7, 17, 22, 30, 32)	 0.2995594713656387
(26, 28, 55)	 0.20137299771167047
(38, 41, 49)	 0.2795115332428766
(21,)	 0.32061068702290074
(10, 13, 19, 25)	 0.2717391304347826
(11, 28, 46)	 0.23736263736263738
(2, 13, 20, 30)	 0.2807881773399014
(8, 13, 19, 21, 22)	 0.27392120075046905
(8, 13, 14, 15, 27)	 0.3958333333333333
(7, 9, 10)	 0.18181818181818182
(2, 19, 36, 43)	 0.21288515406162464
(1, 2, 10, 20, 21)	 0.21476510067114096
(1, 2, 3, 6, 15)	 0.21198156682027652
(3, 13, 15, 19, 23)	 0.3764705882352941
(12, 25, 26, 27, 28)	 0.25559105431309903
(2, 11, 48)	 0.25541795665634676
(1, 2, 3, 31)	 0.3806228373702422
(1, 17, 45, 46)	 0.26443202979515834
(0, 1, 4, 5, 9)	 0.20394736842105263
(37, 49, 57)	 0.10549943883277216
(0, 46, 49, 51)	 0.10796915167095114
(2, 6, 9, 12)	 0.23972602739726032
(45, 52, 57)	 0.09861591695501731
(13, 17, 20, 26, 28)	 0.37246049661399555
(8, 10, 11, 12)	 0.5422222222222224
(1, 2, 9, 35)	 0.2150537634408602
(13, 16, 17, 24, 25)	 0.17156862745098037
(4, 5, 42, 44)	 0.27692307692307694
(0, 2, 12, 16, 17)	 0.2591943957968476
(12, 15, 16, 23, 27)	 0.27376425855513303
(2, 15, 18, 22)	 0.380952380952381
(5, 6, 11, 17)	 0.35514018691588783
(0, 3, 8, 11, 15)	 0.22641509433962262
(4, 5, 10, 25, 31)	 0.2584493041749503
(0, 5, 9)	 0.16746411483253587
(1, 6, 9, 16, 23)	 0.33953488372093027
(5, 9, 12, 13, 25)	 0.33057851239669417
(2, 4, 26)	 0.344559585492228
(9, 11, 12, 22)	 0.1774193548387097
(15, 62, 67)	 0.1948955916473318
(40, 41, 50, 56)	 0.14932680538555693
(12, 41, 42, 45, 48)	 0.3261802575107296
(3, 7, 12)	 0.3494423791821561
(1, 2, 8, 10, 18)	 0.1772151898734177
(0, 15, 40, 43)	 0.17943107221006566
(3, 6, 20, 23, 29)	 0.29620253164556964
(2, 3, 15)	 0.45384615384615384
(1, 11, 15, 16, 34)	 0.19292604501607716
(1, 2, 5, 7)	 0.11881188118811882
(10, 11, 15, 17, 23)	 0.17427385892116182
(1, 2, 3, 7)	 0.26956521739130435
(2, 22, 25, 27, 30)	 0.313375796178344
(15, 16, 19, 30, 34)	 0.2621359223300971
(1, 2, 12, 18)	 0.2831050228310502
(2, 4, 5, 22, 31)	 0.24912280701754386
(3, 5, 6, 11, 17)	 0.2309368191721133
(0, 1, 2, 10, 11)	 0.27346938775510204
(2, 11, 12, 19, 20)	 0.28706326723323894
(0, 3, 4, 13)	 0.296551724137931
(6, 9, 34, 54)	 0.14652956298200515
(12, 23, 40)	 0.21647819063004844
(1, 2, 10, 24, 34)	 0.2047244094488189
(11, 14, 16, 17, 18)	 0.33268858800773693
(1, 3, 7, 9, 14)	 0.29959514170040485
(1, 3, 4, 17, 18)	 0.2895927601809955
(3, 7, 10, 13, 14)	 0.1393728222996516
(2, 4, 6, 13, 15)	 0.23423423423423423
(1, 2, 9, 15)	 0.12162162162162163
(1, 4, 14, 21, 27)	 0.15767634854771784
(7, 55)	 0.2805429864253394
(0, 74, 75)	 0.1162629757785467
(1, 16, 44)	 0.19316239316239314
(26, 52, 56)	 0.17112299465240643
(1, 4, 14, 15, 21)	 0.30153846153846153
(1, 21, 22, 23, 27)	 0.29629629629629634
(1, 27, 61)	 0.15420928402832415
(6, 12, 15, 27)	 0.273224043715847
(21, 22, 24, 25, 35)	 0.43555555555555564
(1, 5, 7, 14)	 0.42953020134228187
(0, 1, 4, 15)	 0.28664495114006516
(1, 6)	 0.4624277456647399
(0, 8, 10, 21, 27)	 0.16233766233766234
(7, 20, 23, 26, 29)	 0.36604774535809015
(12, 33, 35, 42)	 0.3130434782608696
(8, 9, 30)	 0.2741573033707865
(26, 34, 47)	 0.2819047619047619
(1, 33, 37)	 0.20886699507389161
(1, 4, 11, 18, 22)	 0.3360881542699724
(1, 33, 34, 35)	 0.31020408163265306
(6, 11, 25, 29, 30)	 0.27114427860696516
(1, 4, 8)	 0.32142857142857145
(5, 6, 7, 10, 15)	 0.45382585751978893
(4, 9, 17, 19)	 0.28524046434494194
(3, 14)	 0.18433179723502305
(1, 3, 16, 18, 25)	 0.22881355932203387
(1, 2, 5, 8, 10)	 0.27950310559006214
(3, 31, 53)	 0.30522088353413657
(5, 24, 25, 34)	 0.1890547263681592
(3, 6, 7, 12)	 0.267515923566879
(1, 2, 4, 8)	 0.27467811158798283
(4, 7, 8, 9)	 0.2763532763532764
(25, 33, 36, 46)	 0.37393767705382436
(4, 10, 12, 13, 22)	 0.30370370370370364
(8, 12, 20, 23)	 0.37593984962406013
(9, 12, 13, 15, 22)	 0.36704119850187267
(7, 8)	 0.33620689655172414
(1, 8, 10, 13, 34)	 0.32216905901116427
(11, 15, 24, 36)	 0.34589800443458973
(25, 35, 36, 40)	 0.1948051948051948
(0, 1, 7)	 0.20895522388059704
(15, 40, 55)	 0.15186246418338112
(1, 2, 7, 15, 16)	 0.27287853577371046
(2, 10, 12, 28, 30)	 0.23572296476306198
(37, 45, 65)	 0.18218623481781374
(0, 15, 21, 28, 29)	 0.22289156626506024
(1, 5, 9, 14, 24)	 0.2717391304347826
(0, 1, 2, 3, 16)	 0.22193211488250653
(3, 6, 13, 16)	 0.44041450777202074
(8, 18, 24, 42)	 0.18461538461538463
(14, 18, 27, 39)	 0.16066481994459833
(8, 12, 22)	 0.1858638743455497
(26, 48, 66)	 0.25552825552825553
(0, 8, 77)	 0.2515991471215352
(15, 28, 58, 60)	 0.18061674008810572
(6, 20, 21, 25)	 0.29878048780487804
(10, 18, 35, 43)	 0.34083601286173637
(1, 4, 6, 16, 37)	 0.24734982332155478
(8, 12, 13)	 0.4076086956521739
(3, 8, 10, 41)	 0.1955128205128205
(18, 31, 74)	 0.15770609318996415
(1, 5, 13, 14, 19)	 0.22566371681415928
(6, 26, 30, 31)	 0.21621621621621623
(22, 27, 79)	 0.16526138279932545
(11, 13, 14, 31)	 0.3269565217391305
(1, 5, 49)	 0.1682600382409178
(14, 29, 34)	 0.27299703264094954
(3, 9, 11, 14, 18)	 0.22405271828665566
(1, 4, 5)	 0.37377049180327865
(45, 51, 63)	 0.18890200708382526
(3, 5, 17, 23, 24)	 0.21526418786692758
(5, 35, 66)	 0.31059811122770203
(3, 13, 15, 25)	 0.2096069868995633
(0, 1, 8, 13, 25)	 0.2243436754176611
(7, 9, 19, 27, 28)	 0.23483870967741938
(0, 6, 7)	 0.25116279069767444
(3, 6, 7, 14, 21)	 0.2578616352201258
(2, 3, 4, 8, 18)	 0.25327510917030566
(3, 4, 20, 23, 25)	 0.17081850533807827
(3, 10, 30, 48)	 0.23382519863791143
(1, 2, 18, 19, 22)	 0.2747826086956522
(6, 12, 16, 18, 21)	 0.40186915887850466
(7, 8, 9, 10, 19)	 0.2621082621082621
(2, 21, 23, 39)	 0.22291021671826625
(8, 11, 15, 21)	 0.2551440329218107
(2, 9, 32)	 0.1335740072202166
(1, 2, 4, 8, 12)	 0.27358490566037735
(3, 5, 7, 8, 9)	 0.18064516129032263
(1, 11, 13, 14)	 0.1789137380191693
(1, 8, 32, 33, 37)	 0.2952029520295203
(1, 3, 6, 11, 16)	 0.19829059829059828
(5, 21, 27, 30)	 0.2657952069716776
(4, 9, 10, 11, 12)	 0.38636363636363635
(20, 27, 44, 45)	 0.2651162790697675
(3, 16, 19, 32)	 0.18181818181818182
(3, 7, 10)	 0.09574468085106383
(1, 15)	 0.10526315789473685
(2, 4, 7, 10)	 0.1232876712328767
(7, 11, 55)	 0.16296296296296295
(3, 4, 7, 14)	 0.15450643776824036
(3, 7, 31, 47)	 0.1935483870967742
(10, 11, 12, 13)	 0.18210862619808305
(10, 40, 47)	 0.2250740375123396
(1, 16, 24, 27, 28)	 0.27978339350180503
(1, 2, 3, 10, 35)	 0.2672811059907834
(0, 13, 16, 21, 29)	 0.177598385469223
(3, 6, 53)	 0.20948970456580127
(1, 3, 4, 37)	 0.2679738562091503
(8, 10, 14, 17, 19)	 0.1958997722095672
(12, 16, 20)	 0.21500000000000002
(1, 11, 13, 14, 15)	 0.21512605042016805
(3, 12, 37, 40)	 0.27272727272727276
(0, 2, 7, 8)	 0.18610747051114024
(1, 2, 14, 22, 29)	 0.20746887966804978
(11, 13, 14, 32)	 0.22402597402597405
(1, 5, 7, 8, 9)	 0.1280353200883002
(5, 9, 35, 38)	 0.30395136778115506
(16, 33, 35)	 0.14038286235186873
(5, 7, 26, 27)	 0.2215909090909091
(14, 15, 22, 23, 29)	 0.18410041841004185
(14, 25, 28, 35)	 0.17943925233644858
(0, 13, 26, 29, 67)	 0.1016949152542373
(1, 2, 5, 9, 25)	 0.31213872832369943
(3, 8)	 0.21019108280254778
(30, 43, 50)	 0.162748643761302
(13, 40, 46)	 0.20150659133709983
(2, 14, 15)	 0.2222222222222222
(1, 2, 3, 9, 11)	 0.1592920353982301
(3, 7, 15, 23, 27)	 0.22527472527472528
(8, 11, 20)	 0.2702702702702703
(19, 22, 23, 29, 30)	 0.24607329842931938
(1, 3, 25, 28)	 0.2442244224422442
(10, 36, 66)	 0.18732782369146006
(1, 2, 16, 25, 27)	 0.22857142857142856
(2, 4, 18, 20)	 0.1877551020408163
(1, 6, 12, 13, 23)	 0.11282051282051284
(5, 6, 28, 29, 34)	 0.43734643734643736
(36, 50, 59, 60)	 0.24313725490196078
(1, 2, 4, 24, 26)	 0.16643550624133147
(0, 1, 16, 19, 25)	 0.21794871794871795
(0, 1, 11, 14, 18)	 0.30076838638858394
(4, 49, 60, 61)	 0.33404710920770875
(1, 7, 14, 16, 17)	 0.21714285714285714
(10, 15, 16, 19)	 0.3036303630363036
(16, 19, 42)	 0.2070844686648501
(20, 26, 27, 28, 29)	 0.22903885480572597
(2, 10, 12, 16, 18)	 0.39694656488549623
(3, 5, 16, 18, 19)	 0.25547445255474455
(0, 1, 10)	 0.428927680798005
(1, 3, 31, 44, 46)	 0.20512820512820515
(13, 19, 24, 27)	 0.3010204081632653
(9, 12, 16, 18, 47)	 0.19059107358262967
(3, 6, 10)	 0.16756756756756755
(2, 42, 55)	 0.22907488986784139
(1, 17, 19, 36)	 0.3641791044776119
(20, 24, 31)	 0.1891891891891892
(2, 6, 8, 11)	 0.17699115044247787
(4, 5, 15, 16, 31)	 0.49924812030075194
(11, 13, 16, 17, 18)	 0.17299578059071727
(9, 10, 17, 22)	 0.12612612612612611
(0, 8)	 0.40816326530612246
(5, 9, 10)	 0.2524271844660194
(9, 14, 16, 19, 20)	 0.3815261044176707
(0, 5, 19, 20)	 0.07326007326007325
(1, 5, 27, 31)	 0.3209336250911743
(15, 19, 81)	 0.15080113100848255
(6, 51, 55)	 0.2666666666666666
(1, 5, 6, 7, 10)	 0.2275862068965517
(3, 61, 73)	 0.2729306487695749
(5, 39, 40)	 0.23183925811437406
(6, 44, 49)	 0.24849699398797598
(15, 23, 28, 31)	 0.22456140350877193
(19, 31, 64)	 0.22295081967213115
(22, 26, 27, 38)	 0.41645244215938304
(2, 3, 8, 11, 15)	 0.38974358974358975
(3, 4, 5)	 0.13485477178423236
(7, 12, 53)	 0.3508771929824562
(12, 14, 31, 35)	 0.15985130111524162
(2, 6, 14, 16, 19)	 0.23655913978494625
(22, 25, 44)	 0.26265389876880985
(28, 32, 53)	 0.22750424448217318
(5, 7, 10, 28, 40)	 0.19375
(2, 5, 14, 15, 20)	 0.2671905697445972
(5, 6, 7, 12)	 0.11764705882352942
(1, 5, 23, 40)	 0.14890510948905109
(1, 2, 5, 8, 13)	 0.12084592145015106
(2, 16, 57)	 0.16401273885350318
(5, 27, 36)	 0.1457044673539519
(4, 10, 14, 18)	 0.14285714285714288
(1, 56, 60)	 0.19136960600375233
(1, 3, 18, 19, 22)	 0.24000000000000002
(2, 8, 10, 11, 14)	 0.18726591760299627
(0, 5, 7, 8, 9)	 0.1567291311754685
(9, 12, 15)	 0.22508038585209003
(3, 6, 9, 10, 15)	 0.23668639053254437
(1, 15, 19, 20, 34)	 0.1768172888015717
(1, 24, 35, 40)	 0.22523744911804616
(9, 22, 27, 28, 31)	 0.26433915211970077
(5, 11, 22, 29, 32)	 0.3008595988538682
(11, 12, 14, 45)	 0.19047619047619047
(2, 29)	 0.3745819397993311
(8, 9, 15, 16, 20)	 0.13698630136986298
(1, 2, 9, 16)	 0.22838847385272149
(1, 5, 17, 18, 19)	 0.3010752688172043
(0, 2, 5, 19, 24)	 0.23964497041420119
(5, 9, 11, 17)	 0.29366306027820716
(3, 7, 11, 16, 23)	 0.3295099061522419
(4, 8, 16, 19, 23)	 0.3333333333333333
(7, 13, 25, 30, 31)	 0.1223021582733813
(1, 4, 5, 6, 7)	 0.20095693779904306
(14, 24, 27, 40)	 0.20152091254752852
(0, 6, 7, 9, 10)	 0.19136960600375236
(6, 7, 14, 19, 26)	 0.19722222222222222
(15, 17, 19, 28)	 0.21670428893905191
(1, 3, 8, 12, 15)	 0.20504731861198736
(9, 20, 33, 47)	 0.15980629539951577
(2, 5, 33)	 0.2140845070422535
(1, 4, 15, 21, 28)	 0.1237785016286645
(3, 7, 10, 24, 37)	 0.16718266253869968
(4, 9, 20, 21, 27)	 0.25654450261780104
(1, 4, 22, 23, 26)	 0.15942028985507245
(1, 3, 10, 59)	 0.3416149068322981
(1, 9, 11, 13, 16)	 0.22580645161290322
(1, 3, 5, 12, 14)	 0.23025435073627845
(2, 4, 5, 22, 26)	 0.21746293245469522
(8, 10, 14, 21)	 0.18113207547169813
(4, 14, 18, 19, 20)	 0.3987730061349693
(1, 4, 5, 8, 10)	 0.14444444444444446
(2, 7, 13, 31, 34)	 0.2054380664652568
(2, 4, 30, 40)	 0.2795698924731183
(12, 14, 16, 33)	 0.14478527607361963
(2, 3, 19)	 0.3173076923076923
(7, 8, 10, 12, 20)	 0.20689655172413793
(4, 5, 8, 14)	 0.23333333333333334
(1, 2, 4, 8, 9)	 0.13698630136986303
(19, 35, 42)	 0.21501014198782964
(7, 8, 12, 13)	 0.1967213114754098
(4, 21, 29)	 0.17869415807560138
(6, 7, 29, 40)	 0.26707317073170733
(2, 5, 7, 10, 31)	 0.18118466898954702
(3, 7, 8, 19, 21)	 0.3260340632603406
(1, 29, 30)	 0.1835985312117503
(21, 36, 46)	 0.12395309882747069
(0, 2, 8, 12, 24)	 0.12233549582947172
(11, 28, 33)	 0.19444444444444445
(1, 2, 10, 15)	 0.17708333333333331
(0, 7, 35)	 0.24550898203592814
(1, 16, 75)	 0.16058394160583941
(2, 7, 8, 16)	 0.3045685279187817
(2, 3, 14, 15, 20)	 0.26440677966101694
(5, 9, 21, 22, 25)	 0.16545012165450124
(1, 15, 17, 24)	 0.18181818181818185
(1, 8, 14)	 0.2681992337164751
(1, 5, 15, 32, 33)	 0.2074074074074074
(4, 6, 7, 8, 19)	 0.217983651226158
(3, 4, 12, 14, 27)	 0.2292609351432881
(0, 5, 48)	 0.1448349307774228
(10, 14, 17, 33)	 0.2370820668693009
(15, 20, 30, 33)	 0.2961608775137112
(0, 1, 6)	 0.18032786885245902
(5, 9, 17)	 0.41500000000000004
(2, 13, 17, 21)	 0.27814569536423844
(1, 9, 12, 17)	 0.18421052631578946
(19, 20, 21)	 0.36000000000000004
(11, 22, 24, 32, 34)	 0.3992467043314501
(2, 3, 4, 8, 19)	 0.2304147465437788
(2, 12, 20, 21, 24)	 0.21008403361344535
(4, 16, 18, 27, 29)	 0.2623906705539359
(5, 6)	 0.23333333333333334
(15, 23)	 0.2814814814814815
(35, 39, 40, 41)	 0.1705685618729097
(3, 12)	 0.12012012012012012
(1, 2, 17)	 0.22727272727272727
(1, 2, 6, 7, 12)	 0.2229299363057325
(5, 6, 11, 13, 18)	 0.15081967213114753
(1, 8, 10, 11, 15)	 0.13793103448275862
(13, 18, 19, 24, 26)	 0.23295454545454547
(1, 62, 71)	 0.2562499999999999
(3, 11, 13, 19, 20)	 0.14699331848552338
(4, 5, 13, 14, 24)	 0.1615598885793872
(1, 9, 11, 12, 13)	 0.1935483870967742
(3, 4, 5, 6)	 0.3812709030100334
(1, 37, 39, 50)	 0.20384615384615384
(1, 8)	 0.23966942148760326
(29, 33, 65)	 0.2077431539187913
(47, 48, 69)	 0.1345291479820628
(1, 4, 8, 12, 17)	 0.17073170731707318
(1, 3, 16, 35, 38)	 0.29857819905213273
(18, 19, 34, 40)	 0.2722177742193755
(1, 18, 19, 36)	 0.30930537352555704
(2, 3, 12, 17, 24)	 0.17391304347826086
(17, 23, 29, 34)	 0.5342163355408388
(14, 15, 17, 26)	 0.2896081771720613
(1, 6, 8, 9, 10)	 0.16909620991253643
(12, 20, 26)	 0.3522727272727273
(2, 5, 8, 12, 18)	 0.15458937198067632
(22, 23, 25, 37)	 0.31840796019900497
(23, 32, 58)	 0.3095238095238095
(1, 15)	 0.48872180451127817
(4, 26, 30, 37)	 0.3333333333333333
(14, 17, 20, 21, 25)	 0.5306122448979592
(5, 11, 12, 16)	 0.16507936507936508
(25, 32)	 0.42060085836909866
(1, 2, 3, 20, 21)	 0.24535315985130107
(35, 42, 44)	 0.19760479041916165
(14, 27, 31)	 0.3105590062111801
(24,)	 0.328042328042328
(1, 3, 5, 6, 15)	 0.3243243243243243
(1, 2, 14, 20, 24)	 0.21308411214953274
(1, 4, 5, 28)	 0.20325203252032517
(20, 76, 77)	 0.39999999999999997
(8, 9, 10, 21)	 0.17937219730941703
(1, 29, 32, 33)	 0.3103448275862069
(1, 2, 6, 13)	 0.22641509433962262
(11, 14, 34, 38)	 0.43448275862068964
(6, 52, 76)	 0.34653465346534656
(2, 42, 57, 67)	 0.14893617021276592
(2, 3, 7, 11)	 0.27230046948356806
(7, 14, 16, 21)	 0.32
(1, 12, 13, 16, 19)	 0.26415094339622636
(8, 9, 16)	 0.35200000000000004
(1, 5, 18, 26, 29)	 0.469208211143695
(5, 7, 10, 12, 13)	 0.1792452830188679
(9, 25, 27)	 0.24535315985130116
(2, 5, 9, 20)	 0.40947075208913647
(3, 5, 25)	 0.2376237623762376
(1, 14, 55, 59)	 0.2738095238095238
(7, 8)	 0.29007633587786263
(1, 13, 30, 31, 34)	 0.3838383838383838
(15, 47, 49)	 0.3421926910299003
(9, 12, 20, 21)	 0.3014705882352941
(1, 2, 4, 10, 11)	 0.41618497109826585
(3, 5, 12, 22)	 0.20671834625322996
(5, 9, 12, 17, 25)	 0.18644067796610167
(32, 41, 52)	 0.29569892473118276
(36, 41, 43, 44)	 0.4342857142857143
(5, 6, 7, 14)	 0.32
(1, 36, 40, 42)	 0.20512820512820512
(0, 1, 18, 21, 22)	 0.3045267489711934
(11, 16, 38)	 0.1142857142857143
(2, 3, 19, 27, 30)	 0.19672131147540983
(1, 3, 8, 11)	 0.21052631578947367
(2, 7, 13, 15, 17)	 0.2545454545454545
(7, 9, 55)	 0.4120171673819742
(7, 49, 58)	 0.1669505962521295
(1, 13, 14, 15, 17)	 0.2537634408602151
(1, 3, 4, 8, 19)	 0.15602836879432622
(2, 6, 10, 27)	 0.216
(16, 20, 42)	 0.14795918367346939
(1, 2, 8, 9, 18)	 0.2845528455284553
(19, 20, 23, 28)	 0.23503325942350334
(1, 2, 12, 20)	 0.25439783491204326
(1, 14, 29)	 0.3406940063091483
(2, 15, 16, 18, 19)	 0.1424657534246575
(1, 2, 3, 11, 12)	 0.24701195219123506
