(53, 72, 78)	 0.24821683309557774
(1, 2, 36, 38, 41)	 0.2584615384615384
(52, 54, 85)	 0.29937629937629934
(4, 10, 14, 20, 29)	 0.4355179704016913
(26, 33, 37, 44)	 0.37052631578947365
(22, 23, 77)	 0.1753889674681754
(68, 81, 82)	 0.4475743348982785
(2, 29)	 0.23711340206185566
(4, 24)	 0.2439024390243902
(51, 65)	 0.2647584973166368
(1, 56, 74)	 0.32626427406199016
(8, 17, 51)	 0.2570162481536189
(24, 131)	 0.11559633027522935
(1, 11, 35)	 0.3835051546391753
(7, 57, 58)	 0.36102236421725237
(1, 27, 53)	 0.49887640449438203
(6, 101)	 0.19230769230769232
(106, 124)	 0.217983651226158
(33, 87, 97)	 0.3054082714740191
(2, 39, 67)	 0.23893805309734512
(1, 6, 9, 27, 35)	 0.24649859943977592
(65, 96)	 0.14490445859872608
(3, 73, 77)	 0.40909090909090906
(1, 2, 43, 63)	 0.2183406113537118
(1, 9, 23, 43)	 0.40310077519379844
(58, 106)	 0.20774647887323944
(92, 93)	 0.09833465503568597
(29, 90)	 0.3333333333333333
(19, 122)	 0.11006018916595013
(77, 85)	 0.2196078431372549
(24, 32, 33, 38)	 0.3516483516483516
(65, 80, 86)	 0.15625
(46, 49, 56)	 0.3369565217391304
(61, 74, 83)	 0.2586206896551724
(60, 76, 78)	 0.2972972972972973
(117, 141)	 0.10280373831775699
(13, 47, 52)	 0.3526315789473684
(47, 93)	 0.089728453364817
(39, 63, 96)	 0.18473895582329317
(13, 47, 56)	 0.4326375711574953
(30, 53, 73)	 0.3059360730593607
(1, 9, 44)	 0.27530364372469635
(65, 78, 80)	 0.3464052287581699
(95, 105)	 0.14786967418546365
(3, 6, 12, 13)	 0.380952380952381
(21, 65, 93)	 0.25868725868725867
(52, 95, 96)	 0.4610169491525424
(54, 90, 91)	 0.356060606060606
(10, 16, 25, 33)	 0.2380952380952381
(1, 86, 93)	 0.23547400611620792
(18, 63, 86)	 0.23172905525846701
(1, 36, 43)	 0.4895833333333334
(68, 70, 83)	 0.41
(89, 112)	 0.13293051359516617
(31, 39, 45)	 0.3917525773195877
(1, 20, 59)	 0.2857142857142857
(28, 33, 110)	 0.21353383458646616
(1, 5, 7, 10)	 0.3274021352313167
(50, 83, 89)	 0.2653061224489796
(48, 67, 98)	 0.38036809815950917
(41, 153)	 0.1042654028436019
(54, 62)	 0.1661392405063291
(59, 80)	 0.13090909090909092
(10, 34, 35, 36)	 0.4699140401146133
(3, 34, 57)	 0.2772277227722772
(121, 122)	 0.1743119266055046
(1, 3, 6)	 0.392156862745098
(9, 46, 47, 52)	 0.26168224299065423
(56, 104)	 0.08011869436201781
(89, 110)	 0.1588156123822342
(20, 71, 74)	 0.28758169934640526
(23, 26, 27, 30)	 0.33333333333333337
(77, 98, 115)	 0.17524644030668127
(6, 20, 79)	 0.22807017543859653
(1, 6, 7, 12, 16)	 0.4186046511627907
(33, 38)	 0.26758147512864494
(47, 51, 69)	 0.32093023255813957
(59, 60, 69)	 0.4379310344827586
(55, 68)	 0.16367265469061876
(3, 4, 5, 17, 28)	 0.26392961876832843
(2, 3, 4, 19, 23)	 0.3352272727272727
(116, 121)	 0.16200294550810015
(38, 59, 84)	 0.20733652312599685
(31, 33, 53)	 0.3165735567970205
(1, 45, 46)	 0.2570281124497992
(52, 90)	 0.0924170616113744
(93, 109)	 0.22465753424657534
(32, 77, 99)	 0.33753148614609574
(86, 106)	 0.16865261228230982
(33, 45, 46, 53)	 0.4966887417218543
(35, 43, 69)	 0.20421052631578945
(1, 12, 29, 35)	 0.441747572815534
(71, 94, 100)	 0.3031674208144796
(16, 71, 72)	 0.3010033444816053
(28, 52, 53, 55)	 0.49014084507042255
(41, 42, 49)	 0.31974921630094044
(23, 39, 41, 45)	 0.36269430051813467
(1, 8, 13)	 0.1811175337186898
(6, 17, 51, 58)	 0.3657142857142857
(30, 115, 121)	 0.3286118980169972
(44, 47, 96, 97)	 0.35632183908045983
(4, 85)	 0.1730769230769231
(43, 49, 67)	 0.23002633889376647
(13, 57, 102)	 0.2393822393822394
(2, 3, 10, 35, 37)	 0.46496815286624205
(15, 49, 50)	 0.2680851063829787
(15, 27, 36, 42)	 0.3231939163498098
(7, 25, 28, 29, 30)	 0.3844580777096114
(25, 46, 61)	 0.2663185378590079
(15, 18, 54, 55)	 0.36464088397790057
(36, 49, 84)	 0.26153846153846155
(1, 5, 15, 24, 26)	 0.3246753246753246
(1, 26, 75)	 0.2962962962962963
(4, 39, 41)	 0.23616236162361623
(12, 66, 68)	 0.27488151658767773
(99, 103)	 0.1861198738170347
(2, 58, 60)	 0.31055900621118016
(63, 67, 72)	 0.28020565552699234
(27, 51, 64)	 0.2682926829268293
(18, 68, 70)	 0.2
(1, 3, 43)	 0.2450592885375494
(1, 27, 40, 51)	 0.2740740740740741
(9, 21, 51)	 0.3448275862068966
(7, 11)	 0.21243523316062174
(38, 53)	 0.12000000000000001
(61, 68)	 0.12072434607645877
(4, 55, 74)	 0.249609984399376
(64, 67, 85)	 0.30476190476190473
(104, 108)	 0.27981651376146793
(26, 30, 36)	 0.21864951768488747
(1, 34, 35)	 0.4134615384615385
(42, 53, 63)	 0.5232403718459495
(21, 44, 55)	 0.3417475728155339
(77, 110)	 0.17057569296375266
(58, 81)	 0.21035058430717865
(1, 2)	 0.19727891156462582
(115, 133)	 0.16249999999999998
(99, 100, 124)	 0.17589576547231273
(9, 10, 26, 36)	 0.3783783783783784
(47, 52, 56)	 0.1623672230652504
(38, 72, 101)	 0.3761061946902655
(3, 39, 70)	 0.22541966426858512
(1, 77)	 0.16877637130801687
(2, 64, 69)	 0.3006535947712418
(35, 41, 67)	 0.3402646502835539
(25, 46, 72)	 0.3244929797191887
(69, 82, 123)	 0.3373860182370821
(63, 82)	 0.16454622561492788
(1, 96, 98)	 0.3279742765273312
(56, 70)	 0.18809980806142035
(77, 81)	 0.15203426124197003
(82, 86, 87)	 0.267536704730832
(10, 46, 51)	 0.32571428571428573
(1, 83)	 0.15761448349307774
(2, 56, 89)	 0.37020316027088035
(21, 34, 75)	 0.34181818181818185
(26, 31, 57)	 0.3252279635258359
(72, 90, 97)	 0.2477231329690346
(1, 2, 3, 25, 29)	 0.16545012165450124
(65, 99)	 0.15027322404371585
(13, 52, 54)	 0.21670428893905191
(50, 71, 99)	 0.21912350597609564
(33, 56, 80)	 0.2941176470588235
(12, 64)	 0.16149068322981366
(148, 150)	 0.11352253756260434
(101, 142, 144)	 0.27415730337078653
(4, 45, 67)	 0.30078125
(16, 51, 71)	 0.29292929292929293
(30, 57, 58, 62, 65)	 0.41744548286604366
(36, 42, 44)	 0.1893939393939394
(2, 53, 62)	 0.2935153583617748
(53, 74, 76)	 0.3489932885906041
(18, 54, 60)	 0.33644859813084116
(10, 43, 44, 49)	 0.4078212290502793
(41, 50, 56)	 0.4186851211072665
(12, 115)	 0.2362204724409449
(3, 84, 108)	 0.2347826086956522
(1, 6, 19, 24, 25)	 0.448
(38, 43, 58)	 0.3351063829787234
(105, 106, 116)	 0.2926829268292683
(106, 111, 133)	 0.24813895781637718
(1, 3, 9, 52)	 0.3664459161147903
(21, 42, 52)	 0.20125786163522016
(11, 24, 43, 77)	 0.32752613240418116
(85, 86, 87)	 0.2935153583617748
(1, 4, 8, 31)	 0.23489932885906042
(8, 9, 28, 47)	 0.36470588235294116
(39, 66, 91)	 0.3519163763066202
(38, 77, 107)	 0.2949640287769784
(47, 72, 84)	 0.2532188841201717
(1, 8, 17, 30, 31)	 0.3132530120481928
(44, 54, 82)	 0.3163538873994638
(73, 75, 99)	 0.2619047619047619
(113, 114)	 0.16339869281045752
(39, 57, 73)	 0.28924598269468477
(56, 98)	 0.1234567901234568
(70, 80)	 0.09481216457960642
(4, 68, 69)	 0.5
(7, 10, 23, 25, 28)	 0.6098081023454158
(15, 19, 58)	 0.20451127819548873
(21, 57, 149)	 0.34545454545454546
(28, 95, 96)	 0.28861788617886175
(5, 17, 37, 38)	 0.2840909090909091
(1, 8, 15)	 0.13306451612903225
(27, 78)	 0.2129277566539924
(19, 20, 61)	 0.35789473684210527
(97, 124)	 0.22608695652173916
(1, 2, 30, 63)	 0.33014354066985646
(42, 53, 90)	 0.27303754266211605
(35, 61, 79)	 0.2062937062937063
(78, 114)	 0.13719806763285025
(22, 59, 68)	 0.48238482384823844
(32, 40, 46)	 0.39803439803439805
(1, 72, 83)	 0.3602150537634408
(5, 17, 27)	 0.2564102564102564
(50, 53, 67)	 0.2734584450402145
(1, 20, 26, 29)	 0.3908629441624365
(1, 2, 9, 32)	 0.2693877551020408
(1, 42, 49)	 0.25918762088974856
(7, 41, 44)	 0.2839756592292089
(42, 48)	 0.4310344827586207
(27, 32, 78)	 0.3422053231939163
(1, 37, 46, 47, 48)	 0.44520547945205485
(104, 108)	 0.1669902912621359
(7, 42, 52, 55)	 0.4915824915824916
(13, 14, 17, 34, 35)	 0.512280701754386
(6, 36, 40, 42)	 0.3868131868131869
(9, 23, 33, 34)	 0.36631578947368415
(19, 34, 57)	 0.35175879396984927
(9, 11, 50)	 0.11021069692058347
(7, 70, 102)	 0.23216783216783218
(32, 46, 95)	 0.21039290240811154
(20, 31, 63)	 0.33039647577092507
(2, 40)	 0.17848970251716245
(12, 21)	 0.1497326203208556
(23, 34, 49)	 0.3380281690140845
(84, 96)	 0.1732283464566929
(70, 91, 93)	 0.28409090909090906
(14, 33, 45)	 0.37986270022883295
(25, 49, 51)	 0.24902723735408558
(72, 73)	 0.3333333333333333
(1, 23, 33)	 0.4433497536945813
(3, 4, 6, 15, 30)	 0.3893805309734513
(65, 130)	 0.2102803738317757
(1, 28, 31, 35)	 0.3345724907063197
(39, 41, 58)	 0.30268199233716475
(71, 73, 78)	 0.3906581740976645
(1, 2, 15)	 0.37788018433179726
(9, 52, 56)	 0.3655913978494623
(2, 10, 72)	 0.25874125874125875
(5, 74, 79)	 0.2545454545454546
(1, 9, 22)	 0.32116788321167883
(1, 16, 36, 42, 43)	 0.20711974110032363
(9, 27, 75)	 0.3375959079283888
(37, 39, 72)	 0.3352112676056338
(49, 50, 52)	 0.4780487804878049
(48, 69, 83)	 0.14223512336719882
(18, 38, 94)	 0.22568093385214008
(1, 4, 26, 27, 34)	 0.2648221343873518
(15, 16, 55, 57)	 0.4959568733153639
(9, 50, 52)	 0.16482582837723023
(79, 91, 92)	 0.28474576271186436
(65, 70, 77)	 0.4668367346938776
(61, 74)	 0.16790648246546228
(55, 57, 58)	 0.3341404358353511
(5, 23, 86)	 0.3636363636363636
(31, 48, 55)	 0.32774674115456237
(10, 24, 57)	 0.3286118980169972
(23, 46, 52, 53)	 0.30944625407166126
(5, 18, 22, 35)	 0.3239171374764595
(36, 122)	 0.2551834130781499
(93, 101, 104)	 0.30434782608695654
(72, 83, 102)	 0.3894230769230769
(4, 47, 91)	 0.15384615384615385
(35, 43, 63)	 0.30317848410757947
(48, 50, 58)	 0.401294498381877
(20, 34, 52)	 0.33551198257080606
(17, 18, 108)	 0.37755102040816324
(76, 96, 113)	 0.3726937269372693
(103, 111)	 0.11015490533562822
(72, 75, 78)	 0.3080357142857143
(1, 36, 62)	 0.36151603498542273
(27, 53, 63)	 0.3870967741935483
(6, 7, 47)	 0.25065274151436034
(1, 44, 80)	 0.4861538461538461
(80, 100, 101)	 0.24267782426778242
(1, 25, 71)	 0.2699386503067485
(31, 88)	 0.20344827586206898
(46, 48, 57)	 0.31205673758865243
(1, 17, 41, 63)	 0.2937853107344633
(1, 12, 40, 41, 42)	 0.6373626373626373
(1, 2, 6, 10)	 0.39552238805970147
(20, 71, 76)	 0.24017467248908295
(77, 90, 108)	 0.2126582278481013
(52, 89, 100)	 0.26804123711340205
(2, 26, 45)	 0.2271468144044321
(1, 24, 76)	 0.2612826603325416
(103, 107, 126)	 0.23151125401929262
(35, 42, 58)	 0.2359346642468239
(47, 88)	 0.12408759124087589
(24, 121, 128)	 0.3780487804878049
(102, 103)	 0.29411764705882354
(21, 51, 64)	 0.44743935309973043
(25, 93)	 0.21247892074198987
(9, 20, 26)	 0.39199999999999996
(56, 58, 59, 60)	 0.3214285714285714
(16, 28, 29, 34)	 0.4154929577464789
(67, 125)	 0.27972027972027974
(12, 35, 37, 40, 41)	 0.4389312977099236
(4, 82, 97)	 0.14126394052044608
(2, 19, 39)	 0.04656862745098039
(1, 37, 103)	 0.20289855072463767
(1, 92, 115)	 0.3604060913705584
(1, 14, 19, 28)	 0.5524296675191815
(1, 27, 41)	 0.2928176795580111
(19, 39, 45)	 0.3825136612021858
(52, 97, 106)	 0.2838709677419355
(91, 107, 113)	 0.16170212765957448
(57, 97, 98)	 0.3450479233226837
(102, 106, 111)	 0.4547803617571059
(79, 87, 115)	 0.1906354515050167
(53, 63, 80)	 0.23170731707317074
(1, 113, 132)	 0.20417633410672856
(1, 42, 44)	 0.36363636363636365
(1, 6, 11, 40, 42)	 0.32982456140350874
(62, 74, 109)	 0.31265508684863524
(64, 83, 89)	 0.36444444444444446
(74, 116)	 0.2685851318944844
(8, 12, 13, 24, 26)	 0.5253164556962026
(81, 82, 88)	 0.23408624229979463
(1, 15, 65)	 0.21138211382113822
(45, 53, 63)	 0.21132075471698114
(41, 43)	 0.18466898954703834
(1, 54, 55)	 0.20454545454545456
(44, 71, 80)	 0.3170731707317073
(6, 54, 56, 58)	 0.2184873949579832
(35, 133, 138)	 0.3022670025188917
(6, 63, 83)	 0.26875
(4, 7, 10, 19, 21)	 0.48000000000000004
(73, 77, 92)	 0.26900584795321636
(9, 13, 74, 75)	 0.4084084084084084
(6, 25, 65)	 0.19174757281553398
(55, 71, 75)	 0.13128205128205128
(84, 85, 87)	 0.1363173957273652
(10, 108, 112)	 0.2384428223844282
(83, 120)	 0.10576923076923077
(2, 87)	 0.14664586583463335
(57, 58, 81)	 0.3832752613240419
(3, 44, 97)	 0.16124469589816123
(61, 67, 91)	 0.36111111111111116
(55, 76, 88)	 0.3181818181818182
(3, 20, 64)	 0.38287153652392947
(72, 83)	 0.15481832543443916
(21, 122)	 0.08290155440414508
(36, 84, 89)	 0.3520309477756286
(1, 2, 66)	 0.09523809523809523
(88, 98, 104)	 0.2682926829268293
(17, 44, 46)	 0.3333333333333333
(1, 2)	 0.3682008368200837
(1, 18, 19)	 0.26905829596412556
(47, 52, 82)	 0.2827225130890052
(1, 91, 94)	 0.31625835189309576
(1, 51, 73)	 0.33333333333333337
(1, 46, 62)	 0.3551912568306011
(38, 79, 101)	 0.25316455696202533
(45, 72, 106)	 0.3755102040816326
(22, 91, 98)	 0.2247191011235955
(89, 100, 105)	 0.15573770491803277
(11, 32, 33, 45)	 0.34686346863468637
(47, 103)	 0.17591339648173207
(1, 42, 113)	 0.2494432071269488
(24, 33, 74)	 0.3076923076923077
(76, 79, 98)	 0.29673590504451036
(36, 37, 67)	 0.39855072463768115
(1, 99)	 0.18147448015122872
(83, 99, 109)	 0.2684563758389262
(51, 56, 65)	 0.2780410742496051
(44, 66, 83)	 0.23756906077348067
(92, 93, 96)	 0.2631578947368421
(102, 118, 122)	 0.4426229508196721
(1, 20, 50)	 0.24025974025974028
(1, 95, 98)	 0.24630541871921177
(26, 27, 37, 38)	 0.3643724696356275
(40, 69, 70)	 0.31034482758620696
(24, 38, 40)	 0.3432343234323432
(66, 83, 101)	 0.26934097421203435
(52, 67, 68, 69)	 0.3358208955223881
(90, 91)	 0.3640449438202247
(42, 43, 70)	 0.3240223463687151
(2, 50, 91)	 0.17777777777777776
(49, 88, 98)	 0.39153439153439157
(3, 4, 18, 30)	 0.36551724137931035
(23, 55, 84)	 0.16201117318435754
(29, 78, 102)	 0.2457831325301205
(22, 29, 107)	 0.3287671232876712
(1, 2, 54)	 0.2857142857142857
(1, 35, 47, 52)	 0.45911949685534587
(68, 97, 99)	 0.3424657534246575
(3, 110)	 0.24127906976744187
(2, 100)	 0.2762762762762763
(79, 80)	 0.1406896551724138
(1, 22, 76)	 0.3314447592067989
(1, 41, 42, 45)	 0.445993031358885
(1, 3, 9)	 0.2808988764044944
(2, 75, 97)	 0.3201581027667984
(47, 57, 87)	 0.23708920187793425
(67, 109, 119)	 0.37500000000000006
(39, 45, 49)	 0.35135135135135137
(1, 109)	 0.14191852825229961
(84, 121, 201)	 0.2515723270440252
(10, 33, 46)	 0.4575471698113207
(56, 58, 74)	 0.4563279857397504
(17, 88, 89)	 0.2188679245283019
(30, 76, 105)	 0.20770519262981574
(10, 55)	 0.23833167825223436
(52, 54, 75)	 0.33436532507739936
(101, 113)	 0.11872146118721462
(39, 40, 59)	 0.34808259587020657
(3, 51, 57)	 0.35842293906810035
(88, 105)	 0.16285714285714284
(67, 99)	 0.17336683417085424
(1, 83)	 0.41304347826086957
(33, 83, 96)	 0.32315978456014366
(47, 87)	 0.10150891632373113
(32, 99, 104)	 0.3653483992467043
(12, 99, 100)	 0.2916666666666667
(1, 109, 143)	 0.19455252918287938
(47, 69, 73)	 0.43312101910828027
(39, 46, 59)	 0.31100478468899523
(1, 3, 5, 17, 30)	 0.3415841584158416
(10, 12, 29, 41)	 0.20833333333333331
(27, 99)	 0.1715976331360947
(55, 69, 99)	 0.29652996845425866
(84, 100)	 0.3287671232876712
(51, 75, 104)	 0.1841432225063939
(28, 51, 111)	 0.30508474576271183
(5, 19, 28, 43)	 0.17213114754098363
(1, 90, 98)	 0.30434782608695654
(8, 9)	 0.3414634146341463
(73, 108, 115)	 0.2701688555347092
(57, 98, 103)	 0.304
(3, 57, 89)	 0.28213166144200624
(1, 2, 43, 137)	 0.2651515151515152
(1, 79, 81)	 0.38596491228070173
(70, 137)	 0.10361445783132531
(8, 9, 14)	 0.47154471544715443
(1, 61)	 0.16968325791855204
(1, 35, 39)	 0.25825825825825827
(4, 6, 112)	 0.28005657708628007
(1, 108, 119)	 0.27692307692307694
(49, 52, 110)	 0.2957746478873239
(1, 80, 86)	 0.22641509433962265
(31, 73, 96)	 0.2133891213389121
(48, 61, 114)	 0.23529411764705882
(10, 91, 110)	 0.24274406332453827
(1, 29, 40, 41)	 0.3309002433090025
(1, 30, 52, 54)	 0.40498442367601245
(20, 54, 57, 68)	 0.32547169811320753
(42, 43, 45)	 0.4281150159744409
(13, 28, 33)	 0.4071246819338422
(1, 46, 48)	 0.3143631436314363
(17, 99)	 0.1606217616580311
(70, 130)	 0.2
(1, 31, 78)	 0.3173996175908222
(1, 3, 28, 47)	 0.22
(54, 56, 58)	 0.275
(1, 46, 95)	 0.2044088176352705
(18, 99, 104)	 0.3109243697478991
(32, 119, 126)	 0.36453201970443355
(0, 40, 119)	 0.198019801980198
(100, 101, 113)	 0.35883905013192613
(1, 40, 86)	 0.14736842105263157
(1, 91, 102)	 0.2608695652173913
(52, 77, 128)	 0.21991701244813278
(62, 75, 77)	 0.3333333333333333
(2, 3, 8, 38)	 0.40273037542662116
(46, 98, 99)	 0.22545454545454544
(32, 61, 64)	 0.3323076923076923
(73, 96)	 0.0875912408759124
(1, 9, 100)	 0.22500000000000003
(37, 56, 62, 64)	 0.18487394957983194
(44, 51)	 0.16430594900849857
(7, 28, 75)	 0.33933933933933935
(44, 72, 79)	 0.29648241206030146
(33, 102)	 0.2181208053691275
(86, 103, 104)	 0.302771855010661
(20, 21, 47)	 0.37942122186495175
(1, 52, 53)	 0.37465564738292007
(38, 53, 77)	 0.297029702970297
(65, 66, 67)	 0.336
(54, 82)	 0.2733812949640288
(1, 3, 11, 26)	 0.28771929824561404
(2, 3, 23, 24, 26)	 0.2903225806451613
(15, 27, 28, 38)	 0.18674698795180722
(19, 41, 53, 59)	 0.47166361974405846
(79, 89, 115)	 0.156479217603912
(1, 35, 79)	 0.34688346883468835
(1, 3, 8, 20, 27)	 0.27485380116959063
(1, 67, 71)	 0.5512820512820513
(6, 100)	 0.18487394957983194
(45, 56, 66)	 0.36272878535773717
(28, 47, 83)	 0.2571428571428572
(43, 131, 136)	 0.10012836970474968
(1, 112)	 0.13513513513513514
(50, 55, 104)	 0.13264649066323245
(2, 50, 57)	 0.3324675324675324
(15, 67)	 0.09550561797752809
(1, 7, 21)	 0.14798206278026907
(98, 99, 128)	 0.16993464052287582
(1, 47, 90)	 0.09745127436281861
(34, 50, 51)	 0.5345345345345345
(71, 74)	 0.14965986394557823
(6, 52, 111)	 0.21764705882352942
(1, 19, 23)	 0.20253164556962028
(1, 80, 110)	 0.27195467422096314
(31, 57, 70)	 0.20316027088036118
(66, 109)	 0.1177730192719486
(70, 80, 81)	 0.2723404255319149
(34, 38, 81)	 0.14925373134328357
(103, 129, 139)	 0.2105263157894737
(52, 56, 74)	 0.23999999999999996
(33, 36, 57)	 0.3012987012987013
(17, 54, 60)	 0.3157894736842105
(50, 62, 75)	 0.2116788321167883
(1, 2, 3, 5, 35)	 0.27419354838709675
(1, 117)	 0.37288135593220334
(23, 85)	 0.2752293577981651
(1, 3, 71)	 0.4800000000000001
(96, 98)	 0.22271714922049
(1, 44, 66)	 0.365482233502538
(78, 106)	 0.16586921850079744
(8, 89, 116)	 0.32152588555858314
(25, 116)	 0.1888412017167382
(1, 45, 59)	 0.2572347266881029
(3, 116)	 0.25806451612903225
(2, 56, 124)	 0.3014925373134329
(28, 30, 55, 62)	 0.40145985401459855
(61, 72)	 0.15663801337153774
(10, 58, 68)	 0.2638297872340425
(27, 62, 63)	 0.4419263456090652
(28, 52, 53, 54)	 0.4560260586319218
(1, 76, 91)	 0.1773049645390071
(71, 84, 97)	 0.4506437768240343
(76, 81, 82)	 0.24122137404580152
(29, 110)	 0.21112696148359486
(14, 40, 82)	 0.19400855920114124
(1, 75)	 0.1875
(10, 12, 100)	 0.29666254635352285
(1, 80, 84)	 0.13858267716535433
(32, 60, 87)	 0.17469879518072287
(91, 105)	 0.10035842293906809
(2, 86, 93)	 0.29454545454545455
(1, 7, 45, 109)	 0.22641509433962265
(99, 121)	 0.1397590361445783
(33, 95, 126)	 0.25848142164781907
(1, 35, 54)	 0.4379947229551451
(1, 53, 174)	 0.2794759825327511
(85, 113)	 0.12352168199737189
(87, 92, 114)	 0.3224181360201511
(1, 4, 6, 77)	 0.33222591362126247
(24, 25, 28, 35)	 0.46334310850439886
(41, 42)	 0.1593625498007968
(2, 7, 9, 18, 21)	 0.22406639004149378
(1, 38, 39)	 0.3218390804597701
(3, 20, 79)	 0.27802690582959644
(72, 73, 105)	 0.26791277258566976
(57, 72, 90)	 0.3233082706766917
(1, 89, 119)	 0.2529644268774704
(1, 23, 25, 39, 66)	 0.15
(31, 80, 85)	 0.2620545073375262
(64, 96, 97)	 0.2660098522167488
(1, 47, 48, 49)	 0.3192488262910798
(17, 72, 84)	 0.31313131313131315
(1, 15, 32, 44)	 0.3510971786833855
(1, 83, 106)	 0.11513859275053305
(60, 64, 69)	 0.2710843373493976
(42, 43, 51)	 0.29971181556195964
(15, 111, 112)	 0.33839479392624733
(5, 42, 49)	 0.21545667447306793
(81, 82, 105)	 0.3007518796992481
(79, 97, 106)	 0.34146341463414637
(1, 38, 39, 47, 48)	 0.4450549450549451
(1, 78, 96)	 0.3592493297587131
(1, 61, 70)	 0.40531561461794025
(14, 44, 55)	 0.33687002652519893
(58, 98, 116)	 0.15476190476190477
(95, 111)	 0.22352941176470587
(112, 152)	 0.16560509554140126
(11, 115)	 0.2458715596330275
(1, 77, 156)	 0.26605504587155965
(1, 69, 70)	 0.22164948453608252
(85, 86)	 0.17419354838709677
(44, 82, 83)	 0.45856353591160215
(33, 80, 85)	 0.25080385852090026
(49, 50, 54)	 0.3892944038929441
(1, 72, 73)	 0.3432835820895523
(13, 15, 34, 46)	 0.2996515679442509
(2, 39, 98)	 0.24603174603174605
(1, 6, 77)	 0.2978723404255319
(24, 48, 62)	 0.1759656652360515
(75, 81, 93)	 0.4953560371517028
(24, 25, 34, 38)	 0.3333333333333333
(50, 71)	 0.13531353135313529
(1, 35, 69)	 0.35142118863049093
(55, 81, 85)	 0.17739130434782607
(1, 32, 38)	 0.327433628318584
(1, 49, 90)	 0.1945288753799392
(22, 31, 82)	 0.24078624078624075
(43, 45, 53, 62)	 0.3262032085561497
(1, 2, 38)	 0.4455958549222798
(68, 71, 96)	 0.23067173637515842
(76, 119)	 0.15030674846625766
(1, 26)	 0.21105527638190955
(1, 19, 21, 34, 45)	 0.2057142857142857
(11, 15, 35, 45)	 0.29090909090909095
(24, 25, 33, 37, 40)	 0.38095238095238093
(7, 22, 32)	 0.2898550724637681
(38, 88, 89)	 0.2581888246628131
(4, 50, 52)	 0.3654485049833887
(11, 51, 53)	 0.40236686390532544
(28, 29, 51)	 0.3514376996805112
(44, 50, 68)	 0.2972972972972973
(2, 100)	 0.19653179190751446
(66, 91, 100)	 0.23390275952693826
(82, 84, 87)	 0.2604166666666667
(5, 39, 110)	 0.13266998341625208
(73, 80, 97)	 0.3290488431876607
(10, 50, 80)	 0.3264094955489614
(2, 3, 62)	 0.375
(41, 47, 62)	 0.37783375314861456
(45, 48, 67)	 0.42541436464088395
(74, 88, 91)	 0.1463990554899646
(44, 65, 99)	 0.4161676646706587
(59, 65, 70)	 0.2740899357601713
(79, 98, 110)	 0.40782122905027934
(5, 94)	 0.06223175965665236
(61, 79)	 0.27459954233409606
(1, 69, 88)	 0.26297577854671284
(10, 44, 50)	 0.2136986301369863
(49, 50, 84)	 0.40470588235294114
(21, 59)	 0.19854014598540148
(91, 103, 108)	 0.2679425837320574
(53, 58, 59)	 0.4536082474226804
(17, 138)	 0.1386138613861386
(1, 80, 83)	 0.3466666666666667
(1, 65, 95)	 0.2668918918918919
(2, 40)	 0.18614718614718614
(73, 95)	 0.283205268935236
(1, 111, 126)	 0.3663663663663663
(61, 103)	 0.17718120805369125
(1, 52)	 0.25791855203619907
(58, 67, 81)	 0.2997658079625293
(1, 81, 97)	 0.1734820322180917
(77, 81, 90)	 0.22742474916387959
(65, 89)	 0.12593383137673425
(34, 58)	 0.23173803526448364
(56, 81, 86)	 0.15430267062314543
(1, 5, 62)	 0.19314641744548286
(24, 27, 35, 40)	 0.3313953488372093
(55, 75, 80)	 0.2733118971061093
(27, 67, 79)	 0.4655737704918033
(77, 80, 114)	 0.3116883116883116
(48, 77, 91)	 0.24080267558528426
(42, 63, 93)	 0.2620689655172414
(1, 80, 125)	 0.21455938697318008
(1, 39, 62)	 0.27715355805243447
(21, 48, 54)	 0.2573426573426573
(38, 50, 54)	 0.2658959537572254
(36, 89, 95)	 0.4078091106290672
(34, 57, 102)	 0.3025641025641026
(2, 57, 74)	 0.37453183520599254
(73, 77, 86)	 0.2857142857142857
(110, 112, 129)	 0.3055555555555556
(1, 107)	 0.17586912065439675
(1, 30, 38, 43, 52)	 0.32982456140350874
(2, 24)	 0.28013029315960913
(40, 55)	 0.20738137082601057
(5, 20, 31, 40)	 0.2801932367149758
(17, 46, 89)	 0.3378378378378379
(1, 124)	 0.2695252679938744
(74, 98, 117)	 0.21199442119944212
(77, 93, 95)	 0.33333333333333337
(1, 2, 4, 20, 32)	 0.27741935483870966
(47, 101)	 0.24774774774774772
(74, 80, 83)	 0.3644646924829158
(27, 28, 99)	 0.3926380368098159
(35, 84)	 0.19068736141906875
(31, 50, 63)	 0.3969754253308128
(41, 59, 78)	 0.27419354838709675
(13, 20, 27, 42)	 0.4578313253012048
(53, 54, 55)	 0.35897435897435903
(1, 2, 22, 29)	 0.36681222707423583
(15, 120, 126)	 0.33333333333333337
(110, 113, 117)	 0.3668430335097002
(61, 69)	 0.19600725952813067
(69, 98, 118)	 0.1447212336892052
(53, 77, 78)	 0.27252747252747256
(1, 53, 54)	 0.497907949790795
(52, 108)	 0.25523809523809526
(41, 89, 95)	 0.38235294117647056
(62, 99)	 0.2170818505338078
(64, 100, 104)	 0.3950000000000001
(1, 23, 87)	 0.2857142857142857
(1, 112, 135)	 0.29696969696969694
(44, 65, 94)	 0.23738872403560832
(1, 112)	 0.2
(22, 76)	 0.16246498599439776
(79, 84, 111)	 0.2704626334519573
(1, 69, 102)	 0.30824372759856633
(101, 107, 140)	 0.25263157894736843
(76, 102, 110)	 0.2205513784461153
(54, 55, 83)	 0.25000000000000006
(103, 122)	 0.13456464379947228
(89, 132)	 0.16095890410958905
(28, 56, 76)	 0.2489019033674963
(121, 125)	 0.325
(30, 51, 52)	 0.272
(67, 88, 107)	 0.43189368770764125
(1, 10, 11, 16, 17)	 0.5792682926829268
(65, 76, 77)	 0.33513513513513515
(47, 59, 66)	 0.3563218390804598
(1, 40, 41, 45)	 0.39114391143911437
(2, 46, 62)	 0.3825503355704698
(1, 28, 89)	 0.29288702928870297
(48, 119, 136)	 0.14150943396226415
(1, 29, 31, 32, 33)	 0.41968911917098445
(85, 125)	 0.3788819875776398
(76, 92, 95)	 0.4610951008645533
(87, 101)	 0.17826086956521742
(38, 43, 82)	 0.32075471698113206
(55, 61, 82)	 0.14965986394557823
(19, 54, 61)	 0.33333333333333337
(1, 46, 47)	 0.43037974683544306
(1, 35, 61)	 0.48701298701298695
(80, 81)	 0.15680473372781065
(9, 109, 111)	 0.4774193548387096
(145, 183)	 0.20072992700729925
(1, 37)	 0.15896487985212568
(3, 14, 85, 86)	 0.17191977077363899
(18, 109)	 0.25603864734299514
(46, 64, 65)	 0.3859649122807018
(43, 65)	 0.25581395348837205
(33, 93, 97)	 0.17142857142857146
(3, 6, 103)	 0.2979683972911964
(83, 84, 85)	 0.4079320113314448
(64, 75, 80)	 0.24722662440570523
(48, 97, 98)	 0.3177257525083612
(113, 137)	 0.197869101978691
(15, 27, 39, 43)	 0.37984496124031003
(1, 15, 29, 31)	 0.41025641025641024
(107, 108, 116)	 0.22905027932960892
(1, 67, 82)	 0.2771855010660981
(15, 17, 40)	 0.2571428571428572
(1, 65, 81)	 0.2875816993464052
(53, 69, 97)	 0.3404255319148936
(2, 122)	 0.4571428571428572
(1, 51, 54)	 0.24545454545454543
(6, 107)	 0.20512820512820515
(2, 5, 28)	 0.2780269058295964
(84, 85, 122)	 0.30837004405286345
(79, 101, 102)	 0.37748344370860926
(3, 21, 43, 47)	 0.3795620437956204
(1, 18, 80)	 0.4092409240924092
(1, 18, 68)	 0.3155452436194896
(40, 85, 92)	 0.2571428571428571
(15, 18, 84)	 0.2371364653243848
(1, 3, 7, 59)	 0.36974789915966383
(23, 59, 60)	 0.3172413793103448
(1, 82)	 0.21097046413502107
(18, 42, 44)	 0.2072829131652661
(43, 55, 65)	 0.25688073394495414
(1, 19, 65)	 0.2757009345794393
(91, 93, 94)	 0.32
(1, 75, 89)	 0.2720588235294118
(5, 7, 43, 49)	 0.39009287925696595
(24, 78, 103)	 0.256
(28, 62, 90)	 0.35381750465549344
(10, 49, 72)	 0.1787709497206704
(103, 115)	 0.13531353135313534
(21, 28, 36, 69)	 0.2965116279069767
(58, 78, 92)	 0.18396226415094338
(65, 79, 107)	 0.24203821656050956
(3, 65, 79)	 0.4052631578947368
(28, 66, 113)	 0.24183006535947713
(51, 61, 94)	 0.25512528473804097
(1, 29, 49, 51)	 0.3616236162361624
(16, 29, 30, 50)	 0.3438914027149321
(1, 14, 17, 25, 26)	 0.5514018691588783
(1, 4, 32, 33, 35)	 0.5042492917847026
(32, 34, 43)	 0.3404255319148936
(19, 34, 58)	 0.2619047619047619
(1, 48, 86)	 0.25882352941176473
(79, 94, 108)	 0.21561338289962825
(60, 112)	 0.23243243243243242
(6, 72)	 0.24340175953079177
(90, 100, 119)	 0.20708446866485014
(5, 36, 53, 56)	 0.6129032258064516
(122, 132, 133)	 0.36467236467236464
(6, 68, 76)	 0.15384615384615385
(40, 46, 56, 58)	 0.3620178041543027
(1, 62, 69)	 0.41935483870967744
(52, 53, 55, 56)	 0.3303571428571428
(25, 73, 88)	 0.43388429752066104
(53, 56, 72)	 0.3776223776223776
(18, 25, 63)	 0.16355810616929697
(1, 2, 11, 25, 26)	 0.3742690058479532
(55, 114)	 0.2460202604920405
(78, 86, 90)	 0.2912621359223301
(29, 72)	 0.14336917562724014
(9, 27, 58)	 0.29484029484029484
(54, 55, 66)	 0.4038004750593824
(1, 9, 23, 24, 30)	 0.5992779783393503
(1, 4, 57)	 0.40178571428571425
(2, 93, 98)	 0.30275229357798167
(1, 12, 45, 52)	 0.38805970149253727
(43, 51, 105)	 0.33266533066132264
(2, 43, 55)	 0.4258872651356994
(38, 77, 96)	 0.3617300131061599
(11, 29, 31, 33)	 0.4921700223713646
(2, 62, 63)	 0.29192546583850926
(69, 93, 106)	 0.3553299492385787
(97, 119)	 0.14794520547945206
(1, 99, 118)	 0.2293423271500843
(1, 66, 84)	 0.2276080084299262
(91, 94, 101)	 0.41780821917808225
(32, 46, 68)	 0.3625730994152046
(29, 82, 93)	 0.2518796992481203
(2, 8, 48, 51)	 0.48091603053435117
(1, 2, 15, 22, 25)	 0.44029850746268656
(26, 110)	 0.19457013574660634
(63, 78, 81)	 0.28355957767722473
(1, 94)	 0.14073071718538566
(62, 93, 96)	 0.2367601246105919
(23, 86, 103)	 0.24550898203592816
(13, 69, 72)	 0.30520646319569117
(21, 23, 25, 32)	 0.33333333333333326
(54, 55)	 0.25980392156862747
(74, 131)	 0.15432098765432098
(1, 73, 81)	 0.24342105263157893
(87, 134)	 0.17579250720461095
(78, 111)	 0.1186602870813397
(21, 44, 52, 62)	 0.4324324324324324
(1, 2, 89)	 0.23104693140794222
(59, 74, 98)	 0.27124183006535946
(88, 97)	 0.19891008174386918
(61, 75, 95)	 0.37037037037037046
(10, 48, 49, 61)	 0.39999999999999997
(1, 4, 5, 7, 14)	 0.3649635036496351
(20, 91, 92)	 0.3004291845493563
(58, 60, 87)	 0.36633663366336633
(2, 40, 63)	 0.3053435114503817
(63, 111)	 0.13948256467941508
(72, 74)	 0.19676945668135096
(1, 12, 44, 45)	 0.3586626139817629
(3, 103)	 0.21288515406162464
(31, 61, 63)	 0.26053639846743293
(52, 53, 58)	 0.3581081081081081
(81, 95, 98)	 0.3276283618581907
(48, 52, 54)	 0.27676240208877284
(1, 47, 48, 50)	 0.3716216216216216
(2, 31, 32, 33)	 0.36249999999999993
(41, 53, 106)	 0.3480392156862745
(1, 123)	 0.259927797833935
(3, 19, 52)	 0.3293172690763052
(23, 52, 54)	 0.43508771929824563
(80, 108, 109)	 0.1492764661081493
(1, 47, 54)	 0.464
(99, 114)	 0.3080168776371308
(1, 32, 40, 42, 43)	 0.3532338308457712
(47, 82, 89)	 0.30322580645161284
(1, 12, 59, 61)	 0.19946091644204855
(29, 64, 65)	 0.31438127090301005
(1, 4, 16, 18)	 0.19444444444444442
(70, 71, 73)	 0.2833876221498371
(43, 73, 116)	 0.24460431654676257
(56, 62, 67)	 0.45555555555555566
(23, 44, 48, 52)	 0.3042505592841164
(32, 58, 103)	 0.259047619047619
(21, 88)	 0.3095890410958904
(106, 126)	 0.16853932584269662
(1, 19, 20, 21, 23)	 0.5830721003134797
(1, 84, 90)	 0.22102425876010784
(2, 16, 18)	 0.20433436532507743
(2, 20, 61)	 0.2470308788598575
(1, 23, 24, 30, 32)	 0.4954682779456193
(1, 22, 37)	 0.42424242424242425
(26, 53, 66, 113)	 0.40431266846361186
(28, 34, 71)	 0.2384823848238482
(1, 20, 63)	 0.3686274509803922
(28, 88, 111)	 0.3673469387755102
(47, 73, 75)	 0.4205816554809843
(74, 76, 95)	 0.27807486631016043
(101, 103, 108)	 0.31275720164609055
(1, 111, 119)	 0.4312896405919661
(28, 84)	 0.12814645308924486
(37, 110, 112)	 0.25984251968503935
(34, 38, 74)	 0.466403162055336
(45, 89, 90)	 0.23157894736842108
(50, 65)	 0.31410256410256404
(1, 72, 94)	 0.33865814696485624
(39, 94, 97)	 0.18904403866809882
(63, 67, 73)	 0.3940298507462686
(64, 68, 73)	 0.5107913669064749
(68, 73)	 0.13966480446927373
(69, 70, 93)	 0.2114285714285714
(1, 56, 87)	 0.2628865979381443
(16, 74)	 0.1919431279620853
(11, 73, 80)	 0.25054945054945055
(1, 10, 110)	 0.35249042145593873
(2, 35, 36)	 0.21333333333333332
(67, 75, 76)	 0.27607361963190186
(1, 78, 96)	 0.2924281984334204
(62, 95, 97)	 0.22939068100358423
(29, 30, 52, 58)	 0.25609756097560976
(1, 107, 115)	 0.30824372759856633
(66, 89, 96)	 0.23828125
(107, 108, 115)	 0.3094170403587444
(1, 70, 98)	 0.2033096926713948
(22, 52, 55, 61)	 0.3088803088803089
(65, 75)	 0.14514896867838042
(55, 73, 88)	 0.34714003944773175
(74, 90, 97)	 0.21648216482164823
(1, 32, 116)	 0.2037037037037037
(2, 95, 97)	 0.14990859232175502
(58, 68, 83)	 0.44776119402985076
(127, 129)	 0.20496894409937888
(78, 92, 94)	 0.29145728643216084
(1, 2)	 0.18404907975460122
(35, 107)	 0.2105263157894737
(29, 44, 78)	 0.33201581027667987
(80, 141)	 0.15270935960591134
(2, 66, 93)	 0.21674876847290642
(2, 106)	 0.14786729857819905
(23, 108)	 0.23562412342215988
(5, 100)	 0.1485148514851485
(16, 34, 85)	 0.20606060606060606
(1, 25, 37, 38, 39)	 0.5038759689922481
(43, 90, 91)	 0.24603174603174605
(15, 35, 79)	 0.1745827984595635
(56, 70, 71)	 0.26256983240223464
(87, 88, 89)	 0.4979591836734694
(1, 2, 37, 39)	 0.5114155251141553
(51, 61, 67)	 0.20378457059679764
(57, 59, 63)	 0.5185185185185186
(51, 142)	 0.25133689839572193
(43, 51, 60)	 0.11359404096834266
(1, 59, 64)	 0.38317757009345793
(24, 43, 66)	 0.3678646934460888
(41, 64, 77)	 0.38642297650130547
(22, 73)	 0.24165341812400637
(89, 139)	 0.23197492163009406
(22, 33, 34, 41)	 0.26666666666666666
(78, 89)	 0.112079701120797
(2, 73)	 0.09230769230769231
(1, 44, 45, 46)	 0.4489795918367347
(58, 64, 65)	 0.271356783919598
(88, 120, 122)	 0.18657937806873978
(2, 13, 45)	 0.41551246537396125
(40, 42, 43, 44)	 0.45774647887323944
(17, 121, 122)	 0.26987951807228916
(65, 66, 74)	 0.37623762376237624
(45, 61, 82)	 0.2936708860759493
(8, 15, 19, 27)	 0.2843601895734597
(1, 42, 61, 68)	 0.24797843665768193
(1, 2, 37)	 0.32362459546925565
(1, 98)	 0.24896265560165973
(1, 93, 109)	 0.3383458646616541
(16, 42, 52)	 0.5096525096525096
(22, 107)	 0.2038216560509554
(19, 20, 79)	 0.12991765782250686
(64, 85, 92)	 0.09324009324009322
(40, 74, 99)	 0.2271805273833671
(67, 84)	 0.3741339491916859
(54, 59, 74)	 0.3646112600536193
(1, 41, 121)	 0.21875
(45, 80)	 0.15920398009950248
(75, 79, 83)	 0.5424836601307189
(55, 57, 105)	 0.2773109243697479
(89, 108)	 0.222972972972973
(1, 80, 83)	 0.3483483483483484
(1, 53, 67)	 0.4436860068259386
(65, 71, 88)	 0.17342342342342343
(37, 41, 54)	 0.3869918699186991
(50, 71, 114)	 0.19634703196347034
(88, 114, 117)	 0.27740492170022374
(73, 81, 118)	 0.36684782608695654
(49, 75, 80)	 0.29982363315696653
(58, 72, 86)	 0.41518987341772157
(59, 66, 73)	 0.4336734693877551
(46, 47, 50, 53)	 0.4195804195804196
(38, 43, 59)	 0.4753747323340471
(3, 28, 40)	 0.3310344827586207
(138, 157, 172)	 0.17647058823529413
(1, 43, 97)	 0.2061855670103093
(3, 28, 48)	 0.38610038610038605
(54, 67, 80)	 0.23580786026200876
(94, 95, 96)	 0.2649350649350649
(1, 12, 14, 19, 27)	 0.33082706766917297
(11, 53, 60, 69)	 0.32098765432098764
(1, 43, 44, 60)	 0.2763157894736842
(46, 57, 58)	 0.36000000000000004
(1, 37, 50, 59)	 0.3114754098360656
(32, 81, 117)	 0.2987804878048781
(12, 17, 26, 30, 32)	 0.42244224422442245
(18, 30, 36)	 0.2962962962962963
(1, 34, 74, 78)	 0.31921824104234525
(74, 83)	 0.16703296703296705
(56, 65, 80)	 0.4331210191082802
(1, 89)	 0.17687074829931973
(21, 23, 91)	 0.21744627054361565
(62, 63, 68)	 0.33043478260869563
(1, 46, 55, 56)	 0.40372670807453415
(1, 2, 114)	 0.4222873900293255
(64, 70, 84)	 0.2909090909090909
(25, 38, 59)	 0.4722222222222222
(32, 33, 38, 39)	 0.5482625482625483
(7, 82)	 0.16201117318435757
(23, 58, 69)	 0.24844720496894412
(16, 17)	 0.21019108280254778
(46, 78, 89)	 0.2534562211981567
(111, 128)	 0.23880597014925373
(1, 2, 5, 28, 30)	 0.26865671641791045
(13, 44, 53)	 0.3460559796437659
(1, 73, 79)	 0.37866666666666665
(37, 46, 65)	 0.5458612975391499
(1, 105)	 0.20737327188940094
(61, 68, 84)	 0.28720626631853785
(50, 86)	 0.1871345029239766
(57, 65, 70)	 0.3868852459016394
(4, 34, 109)	 0.21548821548821548
(1, 22, 23, 24)	 0.40634920634920635
(44, 51, 73)	 0.24046920821114365
(1, 69, 116)	 0.3028391167192429
(3, 18, 52, 53)	 0.3379310344827586
(10, 39)	 0.20861678004535147
(44, 92)	 0.14444444444444446
(33, 62, 67)	 0.2533081285444234
(85, 96, 106)	 0.18701298701298702
(39, 121)	 0.2310030395136778
(12, 44, 47, 53)	 0.4142538975501113
(1, 3, 17, 30, 47)	 0.3053435114503817
(1, 38, 39, 40, 45)	 0.4289693593314763
(23, 35, 81)	 0.32640949554896137
(1, 2, 32, 68)	 0.2698412698412699
(92, 102, 103)	 0.18681318681318682
(45, 53, 55)	 0.4033613445378151
(28, 47, 53, 55)	 0.27222222222222225
(52, 108, 109)	 0.3410138248847926
(37, 90, 139)	 0.28620689655172415
(84, 86, 133)	 0.27571115973741794
(3, 84, 85)	 0.36744186046511634
(47, 117, 121)	 0.15447991761071064
(47, 104)	 0.2777777777777778
(69, 114)	 0.21348314606741575
(38, 68)	 0.15195530726256984
(1, 116)	 0.1660649819494585
(1, 17, 84)	 0.3048327137546468
(1, 48, 52, 56)	 0.34705882352941175
(1, 69, 111)	 0.3259911894273128
(76, 82, 96)	 0.27169811320754716
(48, 66)	 0.24464831804281345
(2, 43, 95)	 0.15773809523809523
(8, 53)	 0.13918305597579425
(9, 54, 129)	 0.1618798955613577
(22, 86, 87)	 0.34883720930232553
(86, 94)	 0.2663551401869159
(1, 68)	 0.2017291066282421
(3, 28, 64)	 0.3170731707317073
(34, 66, 70)	 0.5251396648044693
(8, 13, 43)	 0.25934065934065936
(57, 78, 89)	 0.25
(70, 91, 116)	 0.37104072398190047
(6, 68, 84)	 0.2280130293159609
(55, 72, 74)	 0.4117647058823529
(67, 70, 106)	 0.3641975308641976
(64, 153)	 0.14571948998178508
(2, 17, 81)	 0.16511318242343542
(146, 147)	 0.18306636155606404
(4, 59, 73)	 0.2088353413654619
(2, 82, 83)	 0.46564885496183206
(15, 76, 86)	 0.44612476370510395
(1, 79, 96)	 0.31622176591375767
(70, 98, 109)	 0.17857142857142858
(67, 72)	 0.13861386138613863
(40, 93)	 0.16783216783216787
(49, 61, 90)	 0.575197889182058
(1, 23, 41)	 0.381578947368421
(24, 32)	 0.2923433874709977
(33, 42, 43)	 0.33879781420765026
(137, 138, 152)	 0.398034398034398
(45, 46, 47)	 0.5591397849462366
(21, 22, 58)	 0.46209386281588455
(21, 38, 77)	 0.3296089385474861
(46, 53, 71)	 0.3411371237458194
(1, 18, 22, 64)	 0.2364217252396166
(43, 57, 82)	 0.2735562310030395
(1, 80, 130)	 0.20907297830374752
(62, 67, 93)	 0.4086687306501548
(46, 73, 95)	 0.19504643962848298
(44, 76, 96)	 0.2123287671232877
(55, 58, 69)	 0.3264094955489614
(15, 20, 23, 60)	 0.3804347826086957
(41, 44, 45, 50)	 0.2894736842105263
(47, 96, 112)	 0.38681318681318677
(1, 44, 83)	 0.18937644341801388
(45, 65, 73)	 0.19941348973607037
(73, 116)	 0.2903225806451613
(1, 97, 123)	 0.15217391304347824
(95, 134)	 0.1644859813084112
(57, 68, 106)	 0.32923832923832924
(72, 81, 91)	 0.20972644376899696
(40, 105, 117)	 0.3890063424947146
(62, 118)	 0.2732732732732733
(1, 37, 56)	 0.30803571428571425
(31, 47, 48)	 0.4015444015444015
(6, 63, 64)	 0.2958904109589041
(51, 68, 77)	 0.4356435643564357
(45, 62, 94)	 0.2696629213483146
(70, 75)	 0.32214765100671144
(1, 39, 110)	 0.20911528150134048
(1, 2, 53, 54)	 0.3840579710144928
(55, 65, 95)	 0.20772946859903382
(23, 85, 86)	 0.3468208092485549
(1, 9, 17, 28)	 0.4057971014492754
(22, 92, 94)	 0.4017467248908297
(1, 15, 30)	 0.2393617021276596
(5, 24, 45)	 0.2827225130890052
(1, 4, 114)	 0.2037037037037037
(62, 65, 72)	 0.24583333333333332
(34, 84, 97)	 0.28879310344827586
(51, 65, 67)	 0.20286396181384247
(88, 120)	 0.23198594024604569
(36, 83, 85)	 0.303951367781155
(6, 31, 49, 53)	 0.5923344947735193
(44, 62, 71)	 0.2680412371134021
(30, 38, 75)	 0.2520193861066236
(29, 91, 94)	 0.27134146341463417
(77, 94, 104)	 0.2418879056047198
(20, 21)	 0.35532994923857864
(1, 2, 3, 4, 34)	 0.3887323943661972
(45, 47, 50)	 0.27368421052631575
(25, 81, 115)	 0.2568421052631579
(84, 118)	 0.13652694610778443
(16, 56, 95)	 0.27814569536423844
(4, 22, 50)	 0.19843342036553527
(15, 54, 58)	 0.2819843342036554
(59, 60, 79)	 0.482051282051282
(43, 118)	 0.21122112211221122
(16, 37, 63)	 0.3993055555555555
(7, 10, 11, 46)	 0.3308270676691729
(4, 39, 45, 51)	 0.4951768488745981
(47, 71, 105)	 0.2857142857142857
(6, 9, 31, 37)	 0.32183908045977017
(74, 96, 102)	 0.23066485753052915
(51, 63)	 0.14545454545454545
(15, 26, 80)	 0.3921568627450981
(8, 26, 28, 32)	 0.5345345345345345
(22, 53)	 0.26327944572748274
(28, 54, 63)	 0.326530612244898
(15, 47, 59)	 0.19875776397515527
(1, 50, 88)	 0.25383542538354253
(20, 127)	 0.19254658385093165
(16, 33, 79)	 0.25072886297376096
(19, 66, 83)	 0.34285714285714286
(25, 41, 130)	 0.24063116370808676
(40, 91, 93)	 0.17251461988304093
(1, 126, 140)	 0.20392156862745098
(17, 24, 61)	 0.1741935483870968
(25, 73, 74)	 0.22522522522522523
(1, 66, 76)	 0.29069767441860467
(65, 87, 100)	 0.2740619902120718
(46, 69, 76)	 0.40653357531760437
(1, 68, 71)	 0.44866920152091255
(72, 104)	 0.23493975903614456
(31, 71)	 0.13060179257362356
(108, 109, 114)	 0.2904109589041096
(13, 15, 48, 63)	 0.36363636363636365
(88, 116)	 0.14912280701754385
(76, 93, 100)	 0.2982885085574572
(118, 124)	 0.11961722488038277
(12, 13, 51)	 0.5032258064516129
(17, 34, 63)	 0.3171806167400881
(1, 5, 37, 67)	 0.24516129032258066
(11, 57, 113)	 0.17613636363636365
(61, 66, 90)	 0.20420420420420418
(33, 46, 47)	 0.45528455284552843
(21, 44, 92)	 0.42440318302387264
(98, 99)	 0.12550066755674233
(6, 85, 95)	 0.11006711409395974
(18, 22, 108)	 0.31466666666666665
(34, 53, 57)	 0.33840304182509506
(59, 70, 71)	 0.5115089514066495
(99, 124)	 0.1180637544273908
(8, 74, 77)	 0.17641921397379914
(36, 38, 44, 53)	 0.35010940919037203
(7, 19, 22, 29, 37)	 0.3489361702127659
(1, 34, 55)	 0.37179487179487175
(73, 76)	 0.14265734265734265
(80, 82, 137)	 0.2813370473537604
(25, 29, 60)	 0.41379310344827586
(2, 111)	 0.23924268502581755
(81, 142)	 0.11691542288557213
(27, 62, 109)	 0.11571841851494696
(1, 2, 3, 55)	 0.42857142857142855
(1, 8, 40)	 0.25
(55, 97)	 0.15734265734265734
(41, 56, 58)	 0.43902439024390244
(1, 46)	 0.10709504685408301
(50, 60, 62)	 0.3386243386243386
(76, 94, 103)	 0.3223570190641248
(24, 72, 73)	 0.31355932203389836
(42, 111)	 0.1750291715285881
(63, 66)	 0.3043478260869565
(81, 98, 101)	 0.2182284980744544
(6, 36, 53)	 0.20234604105571843
(29, 65, 72)	 0.2909090909090909
(17, 58)	 0.23578947368421052
(111, 120)	 0.18390804597701146
(55, 68, 91)	 0.40310077519379844
(2, 81, 133)	 0.1994884910485933
(15, 52)	 0.16724738675958187
(86, 93, 106)	 0.36455696202531646
(39, 46, 92)	 0.3220338983050848
(22, 57)	 0.18832391713747648
(62, 103)	 0.1871345029239766
(42, 50, 54, 58)	 0.45664739884393063
(1, 98)	 0.16917293233082706
(102, 112)	 0.20715630885122413
(2, 112, 114)	 0.336283185840708
(1, 71, 72)	 0.36789297658862874
(1, 77, 79)	 0.27692307692307694
(10, 34, 42)	 0.4020356234096692
(50, 56, 64)	 0.33999999999999997
(68, 111)	 0.2528735632183908
(56, 58, 60, 74)	 0.42690058479532167
(61, 124)	 0.21546961325966854
(75, 86, 99)	 0.35030549898167
(1, 42, 43, 44)	 0.42142857142857143
(46, 60, 74)	 0.24179104477611943
(82, 118, 134)	 0.20408163265306123
(34, 94, 99)	 0.2977941176470589
(1, 2, 14, 17, 40)	 0.3375527426160338
(76, 77, 101)	 0.256198347107438
(88, 96, 99)	 0.2820976491862568
(1, 68)	 0.16333938294010888
(2, 13, 55)	 0.34285714285714286
(67, 73, 75)	 0.5292096219931272
(2, 81, 113)	 0.36885245901639346
(76, 77, 87)	 0.26829268292682923
(87, 127)	 0.20361990950226244
(60, 82, 85)	 0.30769230769230765
(22, 52, 66)	 0.35078534031413605
(23, 50, 77)	 0.22492401215805471
(118, 124)	 0.12159329140461217
(6, 50, 85)	 0.31797235023041476
(53, 70)	 0.3168654173764906
(61, 65, 66)	 0.3774509803921568
(50, 56)	 0.15690168818272096
(20, 32, 36, 39)	 0.4832214765100671
(71, 72, 88)	 0.3515151515151515
(61, 69, 72)	 0.34071550255536626
(38, 41, 73)	 0.18972332015810275
(1, 15, 139)	 0.2729211087420042
(26, 32, 40)	 0.35494880546075086
(38, 69)	 0.35827664399092973
(1, 5, 43)	 0.17355371900826447
(20, 58, 70)	 0.3433734939759036
(87, 97, 116)	 0.3529411764705882
(27, 70, 89)	 0.33729216152019004
(1, 113)	 0.20670391061452512
(1, 54, 96)	 0.21621621621621623
(1, 20, 21, 40)	 0.5171102661596958
(31, 32, 77)	 0.2547486033519553
(90, 108)	 0.1675977653631285
(2, 15, 53, 59)	 0.35777126099706746
(1, 17, 51)	 0.359504132231405
(16, 47, 49)	 0.24712643678160917
(13, 24, 39)	 0.44044943820224725
(36, 143, 152)	 0.16740088105726875
(45, 49, 71)	 0.29894736842105263
(34, 55, 58)	 0.37851662404092073
(1, 82, 93)	 0.2623906705539359
(7, 46, 78)	 0.27766599597585506
(41, 80, 83)	 0.2588235294117647
(37, 93, 94)	 0.2049586776859504
(1, 26, 74)	 0.26916524701873934
(91, 112)	 0.23828125
(7, 34, 42, 47)	 0.3132530120481928
(1, 2, 6, 9, 25)	 0.3373493975903615
(16, 78)	 0.22587268993839837
(1, 21, 68)	 0.4104234527687296
(1, 67, 116)	 0.208955223880597
(1, 136, 140)	 0.23357664233576642
(87, 88, 94)	 0.2576112412177986
(25, 119)	 0.23484848484848486
(2, 40, 43)	 0.4397163120567376
(21, 22, 27, 38)	 0.3891891891891892
(81, 83)	 0.1768707482993197
(18, 41, 106)	 0.24788732394366192
(98, 105, 107)	 0.40909090909090906
(60, 68, 81)	 0.38979118329466356
(1, 2, 98)	 0.22250970245795598
(115, 132)	 0.1790123456790124
(62, 113)	 0.16733067729083667
(1, 2, 9, 37)	 0.31111111111111117
(44, 64, 72)	 0.5382059800664452
(51, 53, 76)	 0.2745995423340961
(18, 24, 43)	 0.25569176882662
(21, 136)	 0.21052631578947367
(5, 63, 65)	 0.33793103448275863
(49, 62, 86)	 0.2698650674662669
(74, 120)	 0.3176895306859206
(171, 175, 176)	 0.2524271844660194
(61, 74, 78)	 0.4026186579378069
(93, 127)	 0.2098950524737631
(25, 30, 76)	 0.3703703703703704
(58, 59, 67)	 0.3333333333333333
(1, 42, 97)	 0.37918215613382905
(1, 87, 90)	 0.38418079096045193
(2, 23, 32, 41)	 0.4068522483940043
(23, 60, 79)	 0.28743961352657005
(51, 95, 102)	 0.20704845814977973
(6, 55, 114)	 0.16326530612244897
(41, 44, 48)	 0.30414746543778803
(1, 81, 84)	 0.19920318725099603
(44, 105)	 0.18571428571428572
(1, 57, 69)	 0.4022662889518414
(44, 72)	 0.288
(1, 74, 87)	 0.45454545454545453
(103, 105, 107)	 0.3567567567567567
(71, 105)	 0.12420382165605096
(33, 125)	 0.18604651162790697
(4, 71, 89)	 0.18099547511312217
(44, 64, 85)	 0.23341523341523338
(20, 39, 75)	 0.19096774193548388
(1, 56, 57, 61)	 0.430232558139535
(56, 93)	 0.36750483558994196
(51, 63, 66)	 0.33980582524271846
(1, 63, 64)	 0.10576164167324387
(43, 49, 83)	 0.3285939968404423
(71, 86, 91)	 0.29896907216494845
(18, 46, 50)	 0.3103448275862069
(50, 81, 86)	 0.3180327868852459
(4, 20, 65)	 0.2546583850931677
(1, 91, 124)	 0.25225225225225223
(88, 91)	 0.15362731152204834
(13, 55)	 0.14256619144602853
(1, 138, 139)	 0.3440366972477064
(126, 140, 153)	 0.35655737704918034
(1, 136, 139)	 0.17500000000000002
(14, 33, 43)	 0.4046692607003891
(1, 71, 77)	 0.34074074074074073
(2, 57)	 0.11439114391143912
(59, 71, 101)	 0.31485587583148567
(59, 111)	 0.14790996784565918
(11, 56, 59)	 0.27835051546391754
(29, 100, 121)	 0.2018018018018018
(1, 75, 129)	 0.2113564668769716
(27, 29, 107)	 0.13110539845758354
(1, 52, 70)	 0.2781065088757397
(42, 65)	 0.38616714697406346
(80, 82)	 0.19726858877086492
(29, 51)	 0.17105263157894735
(59, 128)	 0.12892561983471074
(1, 10, 13, 31)	 0.2808988764044944
(25, 42)	 0.19780219780219782
(54, 62, 98)	 0.3037974683544304
(33, 82, 86)	 0.33962264150943394
(39, 40, 80)	 0.2871452420701168
(1, 2, 49)	 0.24422442244224418
(56, 97, 102)	 0.28304093567251465
(27, 47, 66)	 0.20861244019138758
(3, 62, 66)	 0.38690476190476186
(18, 63, 67)	 0.24829467939972716
(56, 63, 87)	 0.2549668874172185
(69, 74, 78)	 0.49268292682926834
(10, 113)	 0.16260162601626016
(46, 48, 112)	 0.5943661971830986
(24, 54, 114)	 0.3384615384615385
(23, 36, 41, 46)	 0.5240963855421686
(38, 39, 40, 52)	 0.5176991150442477
(60, 74, 88)	 0.35844155844155845
(66, 74, 84)	 0.3318965517241379
(80, 82, 83)	 0.2659758203799655
(1, 2, 6)	 0.356
(1, 62, 64)	 0.3325301204819277
(25, 38, 41, 43)	 0.3661417322834645
(2, 6, 121)	 0.3933333333333333
(25, 33, 40)	 0.3636363636363637
(68, 70, 98)	 0.2850356294536817
(1, 15, 27, 28, 32)	 0.4485294117647059
(24, 37, 45, 63)	 0.32542372881355935
(40, 41, 72)	 0.28571428571428575
(2, 31, 38, 45)	 0.4361158432708688
(29, 32, 36, 47)	 0.43902439024390244
(28, 95, 102)	 0.3870967741935484
(1, 2, 23)	 0.19166666666666665
(61, 62)	 0.1923076923076923
(68, 69, 70)	 0.352112676056338
(1, 5, 38, 43, 47)	 0.36428571428571427
(52, 57, 63)	 0.4260355029585799
(84, 107, 111)	 0.247787610619469
(24, 114, 127)	 0.14109347442680775
(38, 116)	 0.27884615384615385
(1, 3, 19, 40, 46)	 0.1842105263157895
(12, 22, 40)	 0.18099547511312217
(32, 33, 73)	 0.24752475247524752
(39, 81, 83)	 0.44559585492227977
(1, 30, 57, 58)	 0.44144144144144143
(3, 95)	 0.12951807228915663
(12, 98, 117)	 0.22660098522167488
(23, 72, 75)	 0.2982791586998088
(1, 80)	 0.15012722646310434
(1, 38, 49, 56)	 0.37681159420289856
(29, 30, 41)	 0.32994923857868014
(10, 21, 49)	 0.3042253521126761
(2, 36, 43, 44)	 0.4541062801932367
(12, 31, 49)	 0.3898916967509025
(1, 51, 57)	 0.3386581469648562
(79, 93, 102)	 0.24091778202676864
(49, 50, 52)	 0.3391003460207612
(65, 71, 75)	 0.3847780126849894
(14, 36, 37, 38)	 0.44307692307692303
(1, 59, 109)	 0.30303030303030304
(12, 13, 69)	 0.23123123123123124
(15, 31, 41)	 0.3681747269890796
(30, 56, 64)	 0.3444444444444445
(46, 82)	 0.2666666666666667
(12, 64)	 0.09727947238252269
(55, 74)	 0.10549943883277216
(29, 32, 75)	 0.24242424242424246
(46, 76)	 0.24516129032258063
(94, 117)	 0.18556701030927836
(133, 134)	 0.1553784860557769
(3, 4, 22, 23, 25)	 0.3876923076923077
(59, 60, 61)	 0.3418013856812933
(13, 72, 111)	 0.25791855203619907
(2, 31, 64)	 0.21908127208480563
(85, 86, 99)	 0.3
(1, 85)	 0.4930555555555555
(1, 2, 15, 16)	 0.15568862275449102
(28, 34, 67, 73)	 0.43315508021390375
(35, 38, 79)	 0.23660714285714285
(1, 50)	 0.1657754010695187
(6, 51, 57)	 0.3117505995203837
(1, 106, 117)	 0.4864864864864865
(68, 84)	 0.24096385542168675
(7, 8, 26)	 0.4229390681003584
(1, 11)	 0.24074074074074073
(1, 44, 69)	 0.31736526946107785
(68, 73, 74)	 0.31277533039647576
(8, 19, 50)	 0.17770034843205576
(37, 49, 79)	 0.37209302325581395
(42, 80, 115)	 0.21739130434782614
(56, 58, 73, 74)	 0.4875
(83, 104)	 0.1189710610932476
(96, 123, 125)	 0.27441860465116275
(41, 52, 103)	 0.2779043280182233
(6, 47, 70)	 0.349680170575693
(5, 35, 84)	 0.3209876543209876
(46, 47, 57)	 0.3969465648854962
(16, 17, 18)	 0.27
(59, 87, 118)	 0.4195519348268839
(1, 8, 19, 31)	 0.418848167539267
(4, 8, 9, 16, 31)	 0.2567567567567568
(50, 79, 123)	 0.27101200686106347
(16, 22, 23, 37, 38)	 0.6451612903225806
(44, 53, 68)	 0.29573934837092736
(11, 23, 34, 37, 41)	 0.2621359223300971
(83, 84, 88)	 0.255
(22, 88)	 0.29820051413881754
(102, 109, 119)	 0.3183023872679045
(22, 31, 42)	 0.3514851485148516
(1, 27, 73)	 0.1850828729281768
(24, 76, 91)	 0.31999999999999995
(65, 102, 109)	 0.34337349397590367
(4, 13, 14, 30)	 0.28431372549019607
(49, 80, 82)	 0.3947368421052632
(1, 7, 16, 18, 24)	 0.3765903307888041
(15, 83, 87)	 0.32209737827715357
(53, 54, 72)	 0.3738872403560831
(2, 4, 30, 34)	 0.39296187683284456
(3, 5, 24, 36)	 0.4695121951219512
(17, 21, 60)	 0.3816091954022989
(70, 92)	 0.15789473684210528
(24, 33, 62)	 0.32093023255813957
(1, 79, 108)	 0.2545454545454546
(81, 96, 112)	 0.35510204081632657
(76, 116)	 0.14860681114551083
(17, 41, 47, 51)	 0.26589595375722547
(47, 62, 90)	 0.21470588235294116
(37, 86)	 0.22388059701492538
(5, 6, 12, 15, 26)	 0.33112582781456956
(40, 58, 72)	 0.3758389261744967
(76, 126)	 0.10459873760144274
(18, 65, 72)	 0.3979848866498741
(69, 76, 79)	 0.3670411985018727
(52, 55, 88)	 0.28717948717948716
(1, 23, 35, 36)	 0.3719298245614035
(4, 25, 30, 38)	 0.26133333333333336
(1, 43, 90)	 0.20456466610312765
(56, 82, 87)	 0.31974921630094044
(1, 62, 119)	 0.20512820512820512
(37, 42, 45)	 0.29375764993880055
(60, 110)	 0.13661202185792348
(17, 33)	 0.20551378446115287
(13, 29, 30, 32, 34)	 0.37442922374429216
(4, 6, 17)	 0.10826210826210828
(89, 96)	 0.2012779552715655
(1, 14)	 0.15555555555555559
(41, 45, 54)	 0.314214463840399
(1, 25, 38, 39)	 0.3554376657824934
(35, 76)	 0.15926493108728945
(28, 41, 88)	 0.35598705501618116
(8, 22, 28, 53)	 0.5016949152542373
(2, 30, 107)	 0.18039895923677363
(61, 78, 109)	 0.3790087463556851
(2, 4, 7, 18, 20)	 0.3206521739130435
(41, 64, 77)	 0.36942675159235666
(38, 46, 61)	 0.3196125907990315
(125, 152)	 0.20212765957446807
(1, 3, 29, 35)	 0.31554524361948955
(40, 58, 61)	 0.31058823529411766
(52, 70, 95)	 0.37470725995316156
(7, 62, 66)	 0.14267185473411156
(1, 33, 56, 57)	 0.32298136645962733
(2, 14, 82)	 0.15978695073235685
(39, 40, 82)	 0.19913419913419916
(42, 141)	 0.11345939933259176
(1, 72, 76)	 0.2837370242214533
(16, 19, 20)	 0.2661290322580645
(63, 70, 74)	 0.2706131078224101
(3, 55, 56)	 0.43205574912891986
(57, 81, 88)	 0.49743589743589745
(69, 127)	 0.32167832167832167
(28, 48, 49, 53)	 0.38888888888888884
(1, 2, 3, 23)	 0.30708661417322836
(1, 9, 27, 41, 45)	 0.44619422572178474
(44, 45, 79)	 0.35294117647058826
(92, 116)	 0.22628951747088186
(59, 80)	 0.22624434389140272
(2, 137)	 0.15087040618955513
(60, 110)	 0.18136020151133503
(58, 59, 61)	 0.3228511530398323
(99, 101)	 0.4606299212598426
(2, 10, 19, 39)	 0.44507042253521123
(57, 108)	 0.24822695035460993
(1, 26)	 0.2585751978891821
(55, 60, 61)	 0.3786407766990291
(50, 55, 82)	 0.24273504273504276
(1, 2, 5)	 0.3319838056680162
(31, 37, 50)	 0.3884297520661157
(1, 57, 59)	 0.17037037037037037
(70, 71, 74)	 0.20359281437125748
(51, 80, 115)	 0.2598290598290598
(41, 66)	 0.21666666666666667
(51, 55, 56)	 0.5
(1, 8, 9)	 0.14933333333333335
(1, 72, 96)	 0.2844444444444445
(14, 15, 105)	 0.3133097762073027
(16, 84, 98)	 0.26055045871559634
(5, 7, 15, 62)	 0.28571428571428575
(1, 49, 115)	 0.16628175519630486
(94, 96, 97)	 0.39999999999999997
(3, 16, 17, 18, 30)	 0.3224181360201512
(69, 87, 99)	 0.3487738419618529
(51, 58, 96)	 0.34645669291338577
(77, 142)	 0.12416427889207257
(90, 91, 93)	 0.212860310421286
(65, 67, 115)	 0.27197346600331673
(1, 4, 50)	 0.28685258964143423
(75, 86, 87)	 0.4233576642335766
(2, 9, 59, 65)	 0.390625
(27, 77, 99)	 0.21734104046242772
(1, 72, 99)	 0.1608806096528366
(67, 83, 109)	 0.23655913978494622
(56, 76, 93)	 0.3252032520325203
(27, 39, 70)	 0.22535211267605632
(36, 39, 118)	 0.3095599393019727
(46, 90, 91)	 0.34877384196185285
(26, 68, 97)	 0.3249299719887956
(3, 18, 28, 42, 43)	 0.35102040816326524
(24, 25, 27, 45)	 0.39267015706806285
(6, 45, 46, 47, 54)	 0.38095238095238093
(1, 10, 21, 27)	 0.24347826086956523
(1, 45, 83)	 0.30113636363636365
(1, 53, 76)	 0.21474358974358973
(20, 70, 73)	 0.327455919395466
(10, 33)	 0.38095238095238093
(18, 21, 59)	 0.3956043956043956
(65, 66, 75)	 0.4027777777777778
(22, 31, 34, 35)	 0.29900332225913623
(1, 14, 47, 57)	 0.47244094488188976
(3, 98)	 0.12874583795782465
(2, 37, 40, 41)	 0.4569288389513109
(6, 24, 40)	 0.4444444444444445
(22, 75, 98)	 0.3482587064676617
(58, 60, 77)	 0.4069264069264069
(1, 93)	 0.27821522309711283
(30, 65, 75)	 0.25404157043879905
(1, 32, 33, 57)	 0.4028268551236749
(54, 68, 71)	 0.13421052631578945
(64, 65, 90)	 0.38694638694638694
(27, 47, 55)	 0.34625322997416014
(47, 49, 57)	 0.4057971014492754
(1, 16, 19, 26, 28)	 0.4171779141104295
(45, 64, 95)	 0.23774145616641904
(51, 76)	 0.26138613861386134
(66, 67, 73)	 0.24877250409165305
(59, 62, 83)	 0.3219178082191781
(49, 56, 60)	 0.3644859813084112
(21, 30, 65)	 0.3311258278145695
(37, 39, 54)	 0.33834586466165417
(1, 76, 77)	 0.5358255451713396
(34, 48, 77)	 0.28750000000000003
(26, 83, 99)	 0.29489603024574673
(29, 61, 63)	 0.39237057220708443
(13, 55, 60)	 0.26288659793814434
(29, 90, 91)	 0.27385892116182575
(12, 100, 107)	 0.336996336996337
(1, 18, 23, 38)	 0.32704402515723274
(25, 43, 79)	 0.12121212121212122
(70, 78, 80)	 0.33663366336633666
(38, 89)	 0.16718266253869968
(46, 66, 89)	 0.28423772609819126
(64, 80, 82)	 0.3198294243070362
(39, 77, 78)	 0.2346938775510204
(1, 13, 68)	 0.21630094043887146
(73, 79, 93)	 0.25641025641025644
(62, 68, 72)	 0.4897959183673469
(62, 64, 96)	 0.30236220472440944
(41, 122)	 0.11918063314711361
(1, 23, 60)	 0.3722397476340694
(116, 121)	 0.17006802721088435
(46, 47, 99)	 0.3948051948051948
(34, 47, 49, 52)	 0.5134328358208955
(1, 69, 124)	 0.2802197802197803
(36, 38, 78)	 0.16091954022988503
(74, 96)	 0.1977715877437326
(58, 67, 114)	 0.2602965403624382
(53, 80)	 0.30564784053156147
(88, 110)	 0.2572347266881029
(47, 48, 91)	 0.17562254259501967
(23, 24, 28)	 0.26016260162601623
(43, 114, 130)	 0.27843803056027167
(9, 18, 20)	 0.26334519572953735
(50, 100)	 0.29545454545454547
(7, 39, 40)	 0.2385321100917431
(1, 69, 75)	 0.3544303797468354
(7, 36, 85)	 0.4135338345864662
(1, 44, 58)	 0.360655737704918
(1, 23, 72)	 0.2436548223350254
(41, 76, 88)	 0.2452261306532663
(14, 47, 49)	 0.396078431372549
(41, 58)	 0.16319999999999998
(109, 110)	 0.3173913043478261
(84, 117)	 0.17391304347826084
(92, 100, 101)	 0.19417475728155337
(40, 94)	 0.11953352769679298
(8, 90, 91)	 0.21945137157107233
(2, 20, 84)	 0.2930232558139535
(19, 110)	 0.1037037037037037
(42, 73)	 0.1872146118721461
(13, 90)	 0.3753086419753087
(52, 54)	 0.2028985507246377
(60, 62, 106)	 0.1562156215621562
(46, 107)	 0.20571428571428574
(13, 40, 82)	 0.44639718804920914
(15, 50, 51)	 0.32
(8, 36)	 0.18507462686567164
(60, 63, 73)	 0.2578397212543554
(8, 35, 48, 49)	 0.27044025157232704
(58, 142)	 0.16488222698072805
(3, 70, 94)	 0.16370106761565834
(101, 116)	 0.11264080100125158
(13, 49, 66)	 0.3596730245231608
(50, 72, 81)	 0.20502901353965183
(36, 100)	 0.20253164556962028
(43, 47, 49)	 0.22913719943422917
(1, 24, 32, 33)	 0.36781609195402304
(1, 2)	 0.38285714285714284
(58, 75, 86)	 0.2282282282282282
(1, 63, 65)	 0.23880597014925375
(139, 143)	 0.18401937046004843
(1, 61, 81)	 0.265625
(109, 122, 127)	 0.3450479233226837
(1, 83)	 0.17345132743362834
(49, 54, 72)	 0.25233644859813087
(55, 56, 61, 67)	 0.38202247191011235
(23, 47, 106)	 0.2708333333333333
(26, 49, 107)	 0.14742967992240547
(42, 85, 89)	 0.3011844331641286
(1, 7, 9, 18, 48)	 0.3497757847533633
(61, 82, 84)	 0.39772727272727276
(52, 61, 93)	 0.1457286432160804
(48, 80, 86)	 0.23095823095823095
(46, 103)	 0.15384615384615383
(6, 66, 68)	 0.3550724637681159
(1, 122)	 0.21359223300970873
(34, 41, 59, 63)	 0.2897727272727273
(2, 6, 105)	 0.34090909090909094
(72, 79)	 0.12362637362637362
(3, 19, 58)	 0.2818181818181818
(0, 25, 67)	 0.38907849829351526
(10, 26, 88)	 0.38434163701067614
(35, 38, 72)	 0.2898550724637681
(1, 72, 118)	 0.14742014742014745
(81, 87, 93)	 0.32967032967032966
(47, 107)	 0.14492753623188406
(63, 75, 81)	 0.13620071684587812
(1, 49, 50, 55)	 0.49166666666666664
(27, 77, 112)	 0.2098765432098765
(109, 110)	 0.24711696869851732
(59, 105, 107)	 0.4390243902439024
(46, 60, 61)	 0.3968871595330739
(60, 62, 86)	 0.248565965583174
(66, 104, 118)	 0.2905405405405405
(1, 10, 73)	 0.37037037037037035
(48, 54, 71)	 0.3955431754874652
(2, 3, 56)	 0.23985890652557318
(40, 41, 68)	 0.43687374749499003
(54, 56, 79)	 0.47096774193548385
(44, 126)	 0.17163289630512513
(59, 100)	 0.21315192743764172
(69, 110)	 0.12250332889480693
(29, 61, 62)	 0.271523178807947
(50, 57, 60)	 0.40481927710843374
(1, 41, 67)	 0.3936651583710407
(94, 122)	 0.17633410672853828
(38, 49, 92)	 0.1983695652173913
(46, 50, 98)	 0.1774580335731415
(26, 27, 28, 44)	 0.3956043956043956
(39, 118)	 0.13642213642213638
(66, 103)	 0.0856898029134533
(2, 121, 126)	 0.46408839779005523
(16, 54, 55, 57)	 0.4280155642023346
(1, 55, 75)	 0.351931330472103
(1, 12, 66)	 0.2949061662198391
(53, 58, 64)	 0.3259259259259259
(55, 89)	 0.26482213438735175
(1, 5, 49)	 0.13323572474377743
(7, 26, 62)	 0.2612752721617418
(73, 85)	 0.33748584371460927
(20, 127)	 0.22222222222222224
(17, 30, 58)	 0.307277628032345
(42, 64, 108)	 0.20560747663551404
(1, 35, 37)	 0.3892339544513458
(9, 38, 53, 56)	 0.36363636363636365
(10, 17, 18, 37)	 0.3344709897610922
(77, 135)	 0.2271944922547332
(1, 9, 20, 84)	 0.3
(12, 106, 120)	 0.26461538461538464
(28, 48, 64)	 0.3109919571045577
(1, 12, 39, 40)	 0.40559440559440557
(80, 83, 84)	 0.26480836236933797
(1, 6, 7, 32, 43)	 0.3076923076923077
(1, 106, 121)	 0.29370629370629375
(89, 112, 122)	 0.2222222222222222
(1, 177)	 0.22652757078986585
(41, 72)	 0.13545816733067728
(26, 180)	 0.1972386587771203
(98, 117)	 0.24858757062146897
(31, 47, 132)	 0.31141868512110726
(79, 111)	 0.16087751371115175
(64, 70)	 0.15077202543142595
(134, 137, 145)	 0.28225806451612906
(111, 135, 136)	 0.18856259659969088
(32, 72, 106)	 0.46886446886446886
(89, 93)	 0.16120218579234974
(68, 99, 100)	 0.2743801652892562
(68, 93)	 0.22574257425742575
(30, 101, 102)	 0.3719298245614035
(100, 105, 111)	 0.30700447093889716
(62, 91, 112)	 0.2621951219512195
(21, 43, 61)	 0.3569023569023569
(74, 105, 106)	 0.31901840490797545
(3, 9, 17, 23, 25)	 0.42937853107344637
(82, 104)	 0.15160349854227406
(28, 58, 65)	 0.24267782426778242
(36, 104, 106)	 0.12744090441932168
(42, 43, 61)	 0.33070866141732286
(76, 77, 92)	 0.14864864864864863
(89, 95, 102)	 0.22680412371134023
(84, 91, 94)	 0.22629969418960247
(1, 28, 60)	 0.3013698630136986
(62, 84, 103)	 0.4379947229551452
(29, 116, 121)	 0.08770555990602975
(1, 15, 63)	 0.2653061224489796
(14, 18, 54, 55)	 0.45820433436532504
(18, 40)	 0.17185185185185187
(32, 62)	 0.3060240963855422
(21, 32, 50)	 0.3021978021978022
(43, 50, 79)	 0.3450134770889488
(16, 45, 47, 51)	 0.3391812865497076
(71, 73, 77)	 0.33659066232356133
(1, 36, 40, 42)	 0.44782608695652176
(64, 86, 87)	 0.3203463203463204
(1, 30, 38)	 0.38701298701298703
(88, 98)	 0.1632047477744807
(2, 44, 48)	 0.20926756352765322
(1, 21, 49)	 0.3295194508009153
(70, 107)	 0.3007915567282322
(54, 110, 125)	 0.29401088929219604
(43, 71, 73)	 0.3521594684385382
(4, 62, 71)	 0.315018315018315
(62, 154)	 0.05637982195845698
(101, 140)	 0.20379965457685664
(22, 66)	 0.09934640522875818
(1, 17, 96, 97)	 0.47727272727272735
(85, 87, 105)	 0.3975659229208925
(1, 77, 78, 79)	 0.3502304147465438
(1, 48, 73, 84)	 0.35460992907801414
(8, 77)	 0.1996879875195008
(96, 100)	 0.3222591362126246
(119, 128)	 0.10567514677103718
(1, 92)	 0.37158469945355194
(57, 64)	 0.0795935647756139
(21, 72, 73)	 0.31768953068592054
(1, 31, 38, 39)	 0.46153846153846156
(25, 41, 81)	 0.2769230769230769
(70, 119)	 0.2758620689655173
(40, 91)	 0.08387096774193548
(3, 91, 96)	 0.2943396226415094
(67, 69, 71)	 0.32717678100263853
(4, 62, 64)	 0.29496402877697836
(65, 72)	 0.27705627705627706
(70, 80, 100)	 0.5284280936454848
(80, 85, 109)	 0.3490304709141274
(63, 93, 110)	 0.15604681404421325
(23, 79, 107)	 0.18541033434650453
(1, 22, 48)	 0.2836363636363636
(1, 36, 38)	 0.41454545454545455
(45, 91, 97)	 0.3905967450271248
(41, 56, 75)	 0.2857142857142857
(55, 60, 95)	 0.32142857142857145
(62, 67, 88)	 0.17367706919945727
(8, 10, 24, 37)	 0.2816901408450704
(39, 56, 133)	 0.2652329749103942
(47, 69, 71)	 0.3896848137535817
(13, 49, 52)	 0.39586410635155095
(2, 3, 6, 15)	 0.36721311475409835
(1, 2, 11, 13)	 0.3018867924528302
(16, 53)	 0.22068965517241382
(14, 51)	 0.2602040816326531
(3, 22, 63)	 0.40634920634920635
(38, 39, 43)	 0.4166666666666667
(5, 92)	 0.0898876404494382
(5, 52)	 0.25939849624060146
(1, 74, 95)	 0.3211267605633803
(1, 27, 49)	 0.25
(2, 52, 119)	 0.22026431718061673
(80, 92, 129)	 0.1373134328358209
(65, 85, 96)	 0.21612349914236706
(1, 40, 93)	 0.2752293577981651
(7, 37, 50)	 0.16666666666666666
(11, 50, 90)	 0.17358490566037735
(59, 61)	 0.11544011544011545
(23, 58, 59)	 0.3516483516483517
(59, 107)	 0.20542635658914726
(1, 68, 118)	 0.22410147991543342
(18, 24, 28, 29)	 0.4100719424460432
(50, 123, 135)	 0.21881838074398252
(9, 80, 84)	 0.3170731707317073
(1, 63, 90)	 0.3080260303687635
(66, 71, 129)	 0.24146341463414636
(49, 50, 78)	 0.2549575070821529
(101, 108, 113)	 0.25867507886435326
(62, 63, 114)	 0.46892655367231634
(50, 142, 143)	 0.2167832167832168
(102, 116)	 0.16479400749063672
(2, 27, 70)	 0.3505154639175258
(67, 69, 79)	 0.21339387060158913
(2, 44, 69)	 0.37209302325581395
(45, 69, 80)	 0.38461538461538464
(52, 55, 64)	 0.34877384196185285
(39, 86, 87)	 0.34302325581395354
(1, 56, 90)	 0.31941031941031944
(104, 125)	 0.08859357696566998
(2, 3, 28)	 0.5434782608695653
(2, 30, 81)	 0.4651162790697674
(1, 14, 66)	 0.2619047619047619
(52, 54, 57)	 0.26907630522088355
(67, 85, 91)	 0.18613138686131386
(52, 54, 85)	 0.3959899749373434
(1, 50, 96)	 0.2647058823529412
(88, 98, 99)	 0.3559322033898305
(101, 102, 113)	 0.23255813953488372
(30, 134, 151)	 0.15841584158415842
(21, 71, 72)	 0.14961832061068703
(1, 63, 77)	 0.3428571428571428
(83, 117, 119)	 0.18092909535452323
(81, 82, 83)	 0.3729903536977492
(6, 20, 31)	 0.24456521739130435
(20, 60, 117)	 0.3847619047619047
(78, 88, 94)	 0.27835051546391754
(2, 71, 83)	 0.3529411764705882
(44, 46, 61)	 0.20320855614973263
(33, 59, 103)	 0.3910112359550562
(14, 36, 92)	 0.2568421052631579
(39, 43)	 0.14102564102564102
(2, 72, 91)	 0.198019801980198
(73, 100)	 0.31695721077654515
(20, 108)	 0.1535648994515539
(129, 131, 132)	 0.2867647058823529
(1, 86, 94)	 0.29514563106796116
(31, 35, 51)	 0.15625
(65, 73, 77)	 0.4089456869009585
(1, 19, 24)	 0.16875
(1, 8, 57)	 0.2242562929061785
(18, 19, 21)	 0.38147138964577654
(1, 121, 135)	 0.35121951219512193
(39, 72, 83)	 0.2256637168141593
(68, 74, 76)	 0.37254901960784315
(38, 79)	 0.14962593516209474
(20, 28, 30)	 0.2202486678507993
(42, 51, 54)	 0.33333333333333337
(94, 97)	 0.24411134903640258
(18, 103)	 0.28938906752411575
(1, 80)	 0.11568409343715239
(1, 50, 60)	 0.33604336043360433
(1, 2, 3)	 0.1650294695481336
(38, 112, 119)	 0.32450331125827814
(1, 49, 51)	 0.43967828418230565
(39, 76, 91)	 0.3
(86, 92)	 0.2352941176470588
(6, 30, 73)	 0.5155555555555555
(1, 9, 65)	 0.2097378277153558
(42, 45)	 0.13654618473895583
(10, 28, 46)	 0.1564885496183206
(26, 60)	 0.20820189274447948
(1, 3, 62)	 0.22222222222222224
(38, 56)	 0.1264957264957265
(73, 78, 80)	 0.30405405405405406
(1, 38, 50, 52)	 0.3489361702127659
(115, 124)	 0.08981001727115717
(49, 50, 91)	 0.2736842105263158
(3, 38, 39, 56)	 0.2511627906976744
(1, 9, 49, 50)	 0.5653495440729484
(4, 5, 125)	 0.20442930153321973
(33, 73, 125)	 0.21642764015645372
(18, 102)	 0.09545454545454544
(70, 88, 92)	 0.24803767660910517
(1, 6, 32)	 0.24464831804281345
(16, 83, 88)	 0.19950124688279303
(86, 112, 121)	 0.32352941176470584
(73, 111)	 0.27914614121510667
(6, 13, 25)	 0.32727272727272727
(18, 24, 77)	 0.24137931034482765
(2, 12, 80)	 0.1511627906976744
(192, 195)	 0.18316831683168316
(1, 9, 78)	 0.21621621621621626
(23, 25, 97)	 0.30952380952380953
(63, 99, 100)	 0.13725490196078433
(39, 42, 93)	 0.26058631921824105
(11, 15, 22)	 0.18705035971223022
(29, 32, 33, 37, 41)	 0.3823529411764706
(14, 136, 143)	 0.4296296296296296
(1, 40, 115)	 0.3333333333333333
(71, 161)	 0.19029850746268653
(2, 28, 37, 56, 59)	 0.36507936507936506
(105, 106, 118)	 0.26785714285714285
(1, 3, 55)	 0.5337837837837839
(1, 26, 81)	 0.41968911917098445
(46, 66)	 0.1890909090909091
(35, 50, 67)	 0.3497615262321145
(2, 58, 86)	 0.47494553376906323
(61, 67, 68)	 0.5159420289855072
(87, 108)	 0.25692695214105793
(65, 100, 106)	 0.2835051546391753
(2, 52, 74)	 0.2538071065989848
(22, 32, 40)	 0.22314911366006254
(1, 60, 64)	 0.30379746835443033
(1, 29, 30, 35)	 0.4328358208955224
(78, 129, 130)	 0.23417721518987342
(24, 35, 89)	 0.40816326530612246
(43, 73, 79)	 0.1368909512761021
(48, 55, 62)	 0.24662813102119457
(67, 68, 81)	 0.3323615160349854
(1, 66, 83)	 0.3187772925764192
(1, 121)	 0.15018315018315018
(3, 108)	 0.1995841995841996
(40, 62, 63)	 0.338235294117647
(2, 37, 40)	 0.41428571428571426
(140, 145)	 0.14588859416445624
(27, 125, 136)	 0.355889724310777
(1, 3, 79)	 0.43153526970954353
(1, 108)	 0.29981718464351004
(23, 47, 85)	 0.4115942028985507
(19, 20)	 0.3401639344262295
(1, 70, 136)	 0.18862275449101795
(1, 45, 102)	 0.22456140350877193
(1, 2, 19)	 0.21631878557874762
(66, 98)	 0.11192930780559647
(56, 66, 83)	 0.16666666666666666
(74, 92, 100)	 0.31666666666666665
(51, 86, 125)	 0.29601518026565465
(1, 65, 90)	 0.26953125
(6, 57, 67)	 0.35331230283911674
(49, 59)	 0.2857142857142857
(1, 30, 60)	 0.28346456692913385
