None	 0
(2, 3, 7, 12, 25)	 0.32075471698113206
(1, 4, 10, 11, 12)	 0.24929178470254962
(3, 31, 35, 37)	 0.3434782608695652
(1, 4, 9, 15, 20)	 0.41605839416058393
(1, 2, 14, 36, 38)	 0.16513761467889906
(16, 31, 36, 41)	 0.2317682317682318
(1, 3, 8)	 0.15639810426540285
(21, 41, 59, 69)	 0.2535211267605633
(1, 5, 11, 14, 15)	 0.2167832167832168
(41, 42, 47)	 0.31740306582506767
(14, 27, 50)	 0.1414790996784566
(2, 27, 60)	 0.1457975986277873
(14, 25, 33, 36)	 0.32098765432098764
(1, 11, 31, 32)	 0.21533923303834807
(5, 9, 25, 26, 27)	 0.23048327137546468
(1, 3, 23, 28)	 0.32360742705570295
(1, 4, 18, 21, 24)	 0.2576419213973799
(1, 2)	 0.36974789915966383
(5,)	 0.02150537634408602
(2, 3)	 0.1917808219178082
None	 0
(1, 62, 72)	 0.1697841726618705
(5, 8, 52, 60)	 0.10891089108910892
(3, 72, 95)	 0.2271062271062271
None	 0
(10, 19, 21, 33)	 0.34137931034482755
(4, 5, 36)	 0.22905027932960895
(3, 43, 65)	 0.22138126773888364
(1, 17, 22)	 0.21587301587301586
(1, 5, 6, 26)	 0.24324324324324323
(2, 4, 5, 7)	 0.23529411764705882
(1, 6, 7, 8, 11)	 0.202020202020202
(6, 48, 54)	 0.25259515570934254
(3, 5, 36, 43)	 0.45876288659793807
(4, 5, 6, 12)	 0.4
(3, 4, 5)	 0.20454545454545456
(0, 2, 3, 5)	 0.15126050420168066
(3, 8, 9, 14, 29)	 0.20862308762169682
(1, 4, 11, 16, 23)	 0.30584192439862545
(1, 4, 5, 11, 14)	 0.2549019607843137
(2, 13, 21)	 0.14474599860821158
(14, 18, 20, 25, 33)	 0.30962343096234307
(12, 14, 31, 38)	 0.24104234527687293
(5, 9, 11, 14)	 0.276595744680851
(1, 2, 6, 11, 23)	 0.33641975308641975
(3, 4)	 0.06722689075630252
(3, 9)	 0.2105263157894737
(19, 28, 32, 34, 40)	 0.5494505494505495
(1, 17, 20, 22, 27)	 0.35294117647058826
(2, 13, 53)	 0.24966799468791498
(10, 27, 34, 37, 42)	 0.3258785942492013
(2, 9, 12, 21)	 0.2517482517482517
(1, 2, 3, 10)	 0.27826086956521745
(1, 6, 7, 20, 21)	 0.3603053435114504
(29, 32, 33, 37)	 0.23338735818476497
(2, 8, 11, 13, 16)	 0.18126888217522658
(16, 74, 86)	 0.11552346570397114
(1, 4, 5, 47)	 0.2456140350877193
(1, 2, 4, 8, 21)	 0.29187396351575456
(3, 5, 7, 13, 17)	 0.3387978142076502
(5, 7, 15, 16, 19)	 0.3386243386243386
(1, 3, 12, 14)	 0.25753424657534246
(10, 11, 14, 27)	 0.3141524105754277
(1, 7, 10, 27)	 0.2017543859649123
(2, 5, 59)	 0.18137847642079805
(1, 11, 30, 37, 42)	 0.2680067001675042
(1, 9, 19, 29, 36)	 0.2845691382765531
(1, 34, 59)	 0.18849206349206352
(13, 19, 20, 26, 27)	 0.44528301886792454
(20, 31, 74, 80)	 0.25963808025177026
(26, 50, 51)	 0.1576182136602452
(34, 48, 54)	 0.2004889975550122
(4, 62, 68)	 0.20841300191204587
(2, 12, 17, 28, 31)	 0.431496062992126
(12, 23, 38, 40)	 0.1591562799616491
(33, 35, 37)	 0.2243713733075435
(1, 43, 51)	 0.15936826992103376
(15, 28, 37)	 0.1987261146496815
(8, 103, 109)	 0.21651376146788992
(3, 11, 14, 16)	 0.23974763406940064
(4, 10, 16, 19)	 0.23157894736842108
(20, 23, 29, 31)	 0.33617021276595743
(14, 22)	 0.23148148148148148
(1, 5, 9, 14, 34)	 0.38998211091234347
(1, 17, 19, 36)	 0.24890190336749635
(0, 67, 70, 71, 82)	 0.23062381852551989
(1, 6, 15)	 0.26382978723404255
(0, 1, 2, 15)	 0.13688212927756654
(1, 31, 49, 55)	 0.2523900573613767
(2, 11, 25, 26, 38)	 0.27360308285163776
(6, 15, 19, 21, 25)	 0.2571428571428571
(1, 8, 9)	 0.15277777777777776
(3, 11, 13, 14, 16)	 0.2072538860103627
(9, 17, 19)	 0.46031746031746035
(4, 5, 7, 10, 16)	 0.4039408866995074
(0, 1, 9, 25)	 0.24150943396226418
(3, 5, 16, 24)	 0.3048016701461378
(7, 13, 40, 44)	 0.1554878048780488
(5, 6, 21, 23, 26)	 0.3482849604221636
(4, 12, 24, 29)	 0.26143790849673204
(5, 15, 20, 22, 29)	 0.25122349102773245
None	 0
(12, 15, 30, 33, 37)	 0.2843601895734597
(3, 29, 43)	 0.2201138519924099
(67, 82, 87)	 0.17109826589595373
(9, 10, 11, 12, 17)	 0.3023872679045093
(1, 7, 11)	 0.3741935483870968
(6, 7, 12, 14, 17)	 0.3260340632603406
(13, 25, 35, 42)	 0.2884012539184953
(6, 8, 9, 13, 19)	 0.21662468513853905
(1, 8, 17, 25, 27)	 0.27329192546583847
(36, 37, 56, 61)	 0.2693682955899881
(7, 11)	 0.1
(23, 26, 28, 34, 39)	 0.2506811989100817
(10, 13, 18, 19, 25)	 0.19543973941368079
(34, 38, 42, 47)	 0.20071684587813618
(4,)	 0.12015503875968991
(7, 13, 17, 18, 19)	 0.2509505703422053
(1, 11, 17, 19, 23)	 0.2328042328042328
(4, 5, 6, 11, 12)	 0.32199546485260766
(50, 69, 77)	 0.17006802721088435
(1, 3, 5)	 0.15172413793103448
(2, 14, 20)	 0.20289855072463767
(0, 16, 25, 33, 41)	 0.28030303030303033
(1, 22, 51)	 0.19375672766415497
(19, 20, 29, 37, 46)	 0.21204819277108436
(0, 3, 8, 9, 11)	 0.25806451612903225
(2, 12, 14, 15, 16)	 0.32492997198879553
(26, 56, 96)	 0.16583747927031509
(2, 7, 14, 15, 21)	 0.23134328358208958
(1, 20, 32, 56)	 0.15763546798029557
(4, 8, 9)	 0.11428571428571428
(5, 7, 11, 13)	 0.3027027027027027
(9, 55, 82)	 0.1441947565543071
(2, 5, 33, 35)	 0.20946915351506454
(3, 4, 12, 18, 21)	 0.20748299319727892
(2, 13, 15, 17, 19)	 0.2912621359223301
(6, 8, 17, 25, 26)	 0.36244541484716164
(2, 3, 6, 11, 19)	 0.3159609120521173
(0, 1, 20, 24, 34)	 0.3308714918759232
(0, 8, 18, 25, 32)	 0.19354838709677422
(8, 11, 24, 27, 37)	 0.27932960893854747
(16, 21, 22, 23)	 0.1951219512195122
(2, 22, 30, 36)	 0.21256038647342995
(9, 11)	 0.18604651162790697
(1, 24, 26, 36, 54)	 0.25751072961373395
(5, 7)	 0.14634146341463414
(6, 8, 9, 11)	 0.4590163934426229
(34, 41, 44)	 0.17068645640074212
(10, 12, 82)	 0.14193548387096774
(18, 27, 42, 46)	 0.22747415066469723
(1, 15, 17, 19, 23)	 0.26523297491039427
(1, 2, 5, 9)	 0.26666666666666666
(24, 26, 38, 39, 42)	 0.26495726495726496
(7, 9, 28, 42)	 0.2671480144404332
(1, 46, 89)	 0.18003273322422259
(4, 6, 7, 9, 26)	 0.12162162162162163
(8, 9)	 0.29473684210526313
(1, 9, 11, 17)	 0.3168
(15, 29, 40, 44)	 0.16961130742049468
(25, 71, 72)	 0.23044575273338944
(4, 7, 35)	 0.21965317919075145
(3,)	 0.2019704433497537
(1, 4, 12, 17, 21)	 0.1870011402508552
(1, 2, 3, 4)	 0.311336717428088
(33, 35, 39, 41)	 0.1962809917355372
(1, 6, 7, 11)	 0.3342618384401114
(1, 12, 14, 17, 18)	 0.21645021645021645
(0, 3, 6, 9, 11)	 0.41062801932367143
(2, 3, 15, 30, 61)	 0.23359580052493442
(11, 25, 39, 72)	 0.2966101694915254
(17, 19, 24, 30, 36)	 0.2265060240963855
(1, 7, 8, 16, 18)	 0.17735849056603775
(1, 6, 7, 47)	 0.3282442748091603
(36, 56, 60)	 0.2057460611677479
(1, 34, 64)	 0.24863387978142074
(21, 48, 52)	 0.2019704433497537
(3, 8)	 0.5972222222222221
(5, 7, 9, 22, 23)	 0.35993740219092335
(14, 22, 65)	 0.26012793176972276
(3, 7, 16, 19, 26)	 0.305921052631579
(2, 3, 10, 23, 26)	 0.2114285714285714
(3, 4, 6, 18)	 0.27794561933534745
(3, 56, 104)	 0.15193798449612403
(14, 18, 39, 40)	 0.2660098522167488
(2, 3, 37)	 0.2633451957295374
(0, 42, 43, 57, 59)	 0.2531645569620253
(5, 16, 24, 27, 37)	 0.3605769230769231
(5, 6, 22)	 0.3614457831325301
(18, 27, 36, 50)	 0.28077753779697623
(9, 26, 42)	 0.37317784256559766
(0, 6, 9, 16, 23)	 0.23842917251051893
(105, 110)	 0.23687752355316286
(12, 13, 14, 15, 18)	 0.37457044673539514
(1, 23, 34)	 0.20317460317460317
(4, 57, 63, 66)	 0.2436849925705795
(96, 114, 121)	 0.298989898989899
(36, 76, 88)	 0.18510158013544017
(58, 59)	 0.15267175572519084
(35, 36, 46)	 0.15425531914893617
(1, 12, 14, 29, 30)	 0.2998102466793168
(122, 131)	 0.12237093690248564
(63, 76, 107)	 0.2027334851936219
(7, 11, 19, 20, 22)	 0.22650602409638554
(53, 93, 95)	 0.2616279069767442
(9, 73)	 0.10138888888888889
(18, 57)	 0.11764705882352941
(6, 28, 37, 39)	 0.24
(11, 17, 23, 41)	 0.3234782608695652
(8, 24, 26, 41)	 0.3739565943238731
(6, 46, 62)	 0.25650557620817843
(2, 33, 78)	 0.15126050420168066
(28, 48, 69)	 0.27240143369175623
(92, 107, 116)	 0.16427104722792607
(4, 85, 89)	 0.25150905432595577
(39, 54, 55, 65)	 0.3247232472324723
(87, 137)	 0.11044776119402984
(97, 100, 106)	 0.15447991761071062
(52, 94, 162)	 0.1252371916508539
(17, 27, 31, 45)	 0.25706940874035994
(9, 87, 96)	 0.20783132530120482
(45, 60, 89)	 0.43037974683544306
(10, 40, 41)	 0.23364485981308414
(15, 18, 78)	 0.196
(2, 3, 34, 38)	 0.22636815920398012
(3, 10, 28, 29)	 0.28846153846153844
(49, 50, 64, 65)	 0.29469548133595286
(43, 54, 59)	 0.1610305958132045
(22, 85)	 0.07908745247148288
(1, 27, 45)	 0.22289156626506024
(2, 33, 102)	 0.1804922515952598
(70, 71)	 0.12135355892648775
(53, 80, 85)	 0.2534775888717156
(57, 61, 77)	 0.16314199395770393
(2, 4, 8, 11)	 0.28442437923250563
(1, 24, 41, 60)	 0.23192771084337352
None	 0
(2, 19, 20, 28, 29)	 0.30402384500745155
(26, 36, 86)	 0.24502617801047125
(1, 36, 53, 60)	 0.21888790820829654
(5, 25, 32, 33, 36)	 0.3287128712871287
(2, 6, 17, 23, 25)	 0.3179916317991632
(49, 51, 101)	 0.13272727272727272
(3, 61, 120)	 0.2035928143712575
(11, 69, 80)	 0.2215477996965099
(7, 81, 90)	 0.22209436133486768
(32, 34, 35, 46)	 0.20719424460431654
(104, 111, 112, 135)	 0.18709677419354837
(30, 83)	 0.08494208494208495
(8, 94)	 0.10951008645533142
(3, 19, 75)	 0.2688330871491876
(3, 57, 98)	 0.20080321285140557
(55, 75, 81)	 0.1791044776119403
(2, 130)	 0.09105960264900662
(51, 59, 107)	 0.16978776529338327
(12, 54, 56, 57)	 0.24719101123595505
(5, 10, 13, 19, 29)	 0.23660714285714285
(81, 103, 112)	 0.21734587251828635
(15, 16, 17, 22, 35)	 0.42657342657342656
(3, 4, 52)	 0.16251354279523292
(1, 16, 22, 27, 43)	 0.20818713450292398
(20, 26, 62)	 0.22919179734620024
(19, 24, 41, 43)	 0.21019108280254775
(41, 65, 73)	 0.17214700193423596
(1, 11, 23, 26, 34)	 0.30952380952380953
(9, 13, 21)	 0.16172506738544473
(93, 95, 96)	 0.13080895008605853
(79, 85, 118)	 0.22709163346613548
(52, 63, 71)	 0.1935483870967742
(53, 80, 81)	 0.18035714285714285
(12, 51, 89)	 0.19495412844036697
(6, 16, 22, 27)	 0.1864406779661017
(55, 85, 106)	 0.25788751714677643
(47, 65, 74)	 0.27380952380952384
(65, 83, 95)	 0.23218997361477572
(4, 6, 49, 53)	 0.28360957642725604
(47, 61, 63)	 0.2211981566820277
(16, 25, 79)	 0.2901849217638691
(41, 68, 101)	 0.24046242774566473
(30, 50, 55)	 0.23884892086330936
(4, 16, 24)	 0.25682182985553775
(3, 21, 34)	 0.2930800542740841
(24, 37, 94)	 0.16597510373443983
(13, 55, 59)	 0.2542153047989624
(51, 60, 93)	 0.10628875110717448
(16, 27, 69)	 0.23578947368421052
(12, 21, 72)	 0.09773123909249565
(27, 58, 67)	 0.20603907637655422
(29, 32, 46)	 0.23744292237442924
(7, 8, 28, 35)	 0.3602251407129456
(6, 46, 82)	 0.17391304347826086
(3, 5, 9, 13, 34)	 0.21782178217821782
(0, 1, 5, 8)	 0.21142857142857144
(3, 9)	 0.11201445347786812
(55, 72, 101)	 0.16716417910447762
(11, 13, 14, 15)	 0.08284023668639054
(9, 50, 53)	 0.1981651376146789
(1, 53, 62)	 0.21531100478468898
(4, 132)	 0.1198501872659176
(4, 5, 18, 19, 29)	 0.2398989898989899
(12, 20, 23, 26, 31)	 0.24226804123711337
(38, 65, 89)	 0.24336283185840704
(43, 47, 69)	 0.2595744680851064
(2, 23, 53)	 0.19047619047619047
(6, 18, 65)	 0.18246445497630331
(74, 75, 76)	 0.25869262865090403
(122, 124, 129)	 0.1719077568134172
(42, 59, 75)	 0.26869806094182824
(59, 100, 103)	 0.20758483033932137
(93, 99)	 0.16524216524216523
(19, 46, 54)	 0.14509246088193456
(3, 7, 17, 21)	 0.24343675417661095
(2, 13, 101)	 0.13517915309446252
(5, 19, 92)	 0.25813953488372093
(9, 44, 57)	 0.16568047337278108
(3, 24, 32, 38)	 0.2103861517976032
(2, 16, 19)	 0.13361169102296452
(1, 2, 5)	 0.17358490566037738
(19, 23, 32, 37, 45)	 0.3168831168831169
(20, 46, 57)	 0.23895253682487724
(17, 65, 82)	 0.1164021164021164
(19, 35, 76)	 0.18373493975903613
(39, 43, 71)	 0.2550335570469799
(16, 67, 84)	 0.16619981325863678
(1, 55, 57)	 0.18834080717488788
(7, 19, 21, 22, 43)	 0.1743869209809264
(2, 3, 67)	 0.1399276236429433
(58, 72, 120)	 0.13110846245530394
(14, 21, 23)	 0.15119363395225463
(1, 3, 47)	 0.19925280199252798
(9, 18, 20, 25, 36)	 0.27777777777777785
(4, 12, 19, 27, 41)	 0.18858560794044665
(3, 4, 51)	 0.1922196796338673
(44, 50, 53)	 0.24836601307189546
(16, 21, 22, 43)	 0.26405228758169935
(9, 64, 89)	 0.269168026101142
(47, 50, 69)	 0.3109919571045576
(45, 59, 62)	 0.22311827956989247
(24, 52, 55)	 0.12633832976445397
(3, 5, 23)	 0.24296675191815856
(29, 42, 75)	 0.220795892169448
(62, 91, 112)	 0.16852540272614622
(27, 67, 94)	 0.19839142091152817
(6, 50, 101)	 0.07878245299910476
(6, 10, 114)	 0.1136890951276102
(1, 6, 24)	 0.1889616463985033
(5, 23, 43)	 0.29535864978902954
(36, 37, 38, 53)	 0.18958333333333333
(12, 30, 64)	 0.24345549738219896
(4, 8, 10, 15, 21)	 0.36309523809523814
(21, 75, 86)	 0.2625429553264605
(2, 14, 15, 16, 19)	 0.3098591549295775
(53, 124)	 0.09435707678075857
(1, 6, 7, 8, 24)	 0.36893203883495146
(79, 118)	 0.18203309692671396
(28, 53, 66)	 0.26199543031226197
(19, 32, 49, 53)	 0.19095477386934673
(13, 17, 84)	 0.14594039054470706
(109, 112, 117)	 0.1702127659574468
(5, 102)	 0.09077598828696926
(3, 25, 29, 58)	 0.22824536376604848
(4, 33, 62)	 0.25165562913907286
(2, 13, 14, 15)	 0.19245283018867926
(61, 74, 76)	 0.14127144298688193
(20, 43, 44)	 0.16804979253112035
(3, 11, 12)	 0.2463295269168026
(12, 13, 17, 18, 34)	 0.3427109974424552
(1, 26, 57)	 0.14953271028037382
(5, 12, 13, 14, 37)	 0.3107142857142857
(3, 5, 17, 19, 35)	 0.332892998678996
(7, 13, 17, 27, 30)	 0.2336448598130841
(1, 7, 38, 41)	 0.27027027027027023
(1, 5, 13, 15, 32)	 0.22274881516587675
(112, 115, 119)	 0.1813186813186813
(25, 35, 44)	 0.17604912998976457
(15, 59, 62)	 0.13735691987513007
(38, 43, 80)	 0.1779359430604982
(57, 67, 77)	 0.13763440860215054
(56, 67, 93)	 0.18439716312056736
(9, 25, 47)	 0.11223021582733815
(6, 20, 23, 28, 30)	 0.27678571428571425
(10, 36, 49)	 0.24544349939246657
(2, 3, 14, 24)	 0.23705722070844687
(28, 30, 31)	 0.2062893081761006
(31, 41, 48, 50)	 0.29857819905213273
(14, 59, 61)	 0.2695035460992908
(4, 8, 17, 21, 35)	 0.3076923076923077
(5, 67, 71)	 0.21853388658367912
(17, 75, 81)	 0.25192012288786486
(1, 28, 29)	 0.31988472622478387
(87, 91, 102)	 0.21203438395415472
(1, 15, 22)	 0.18307905686546463
(61, 63)	 0.13544668587896255
(4, 60, 86)	 0.13313161875945537
(3, 7, 12, 15, 19)	 0.2159383033419023
(9, 35, 67)	 0.18284424379232506
(6, 119, 120)	 0.2608695652173913
(11, 75, 90)	 0.17854217854217855
(112, 126)	 0.14649190439475715
(2, 12, 50)	 0.17989417989417988
(5, 11, 29)	 0.27816901408450706
(1, 16, 21, 31, 43)	 0.38283828382838286
(37, 58, 122)	 0.12649945474372956
(1, 65, 89)	 0.17792792792792794
(2, 13, 70)	 0.1908396946564886
(39, 68, 80)	 0.2072072072072072
(14, 15, 16, 17, 20)	 0.18713450292397663
(67, 69, 106)	 0.20821917808219179
(17, 26, 30, 45)	 0.42248062015503873
(1, 10, 17, 26)	 0.26463104325699743
(1, 2, 60)	 0.12962962962962962
(29, 70, 88)	 0.2596732588134136
(3, 5, 10, 27)	 0.2277227722772277
(1, 9, 18, 19)	 0.1776937618147448
(8,)	 0.0759493670886076
(53, 62, 96)	 0.23800383877159312
(4, 7, 9, 13)	 0.07655502392344497
(7, 40, 81)	 0.13499480789200416
(22, 23, 35, 38)	 0.32573289902280134
(2, 143, 154)	 0.17547169811320756
(15, 16, 48)	 0.2115869017632242
(4, 5, 27)	 0.13063063063063063
(62, 79)	 0.17281105990783413
(43, 44, 48)	 0.22448979591836735
(9, 17, 32, 34)	 0.21890547263681592
(1, 10, 13, 46)	 0.26130030959752326
(10, 23, 42, 57)	 0.2839756592292089
(2, 17, 113)	 0.16615384615384618
(6, 8, 22, 25)	 0.2795698924731183
(15, 97, 109)	 0.22941176470588234
(9, 17, 22, 25, 26)	 0.3692722371967655
(7, 9, 15, 19, 20)	 0.2138364779874214
(38, 71)	 0.12514220705346984
(7, 34, 104)	 0.1401673640167364
(61, 69, 74)	 0.346875
(25, 32, 49)	 0.10630407911001237
(7, 83, 106)	 0.15630550621669625
(23, 41, 57)	 0.16707021791767554
(1, 7, 51)	 0.14516129032258066
(3, 50, 63)	 0.13942307692307693
(16, 26, 43)	 0.2112676056338028
(12, 49, 62)	 0.2638777152051488
(5, 8, 91)	 0.1684717208182912
(3, 7, 12, 32)	 0.35368421052631577
(32, 67, 68)	 0.22556390977443608
(13, 44, 63)	 0.24045801526717558
(2, 18, 31)	 0.22769753610875104
(4, 7, 8, 20, 26)	 0.2272727272727273
(9, 15, 17, 24)	 0.21333333333333335
(71, 78, 85)	 0.5285285285285286
(44, 63, 68)	 0.25075225677031093
(37, 47, 62)	 0.31923076923076926
(1, 7, 11, 15)	 0.5401459854014599
(1, 9, 15, 17, 37)	 0.3539094650205762
(18, 32, 91)	 0.15934065934065936
(0, 9, 10, 11, 13)	 0.4219409282700422
(48, 52, 55)	 0.21897810218978103
(36, 47)	 0.16706443914081148
(3, 4, 29)	 0.20563847429519075
(9, 11, 12, 25, 26)	 0.28969359331476324
(1, 4, 75)	 0.12273361227336123
(1, 2, 14, 17, 20)	 0.4404332129963899
(13, 38, 98)	 0.2590163934426229
(16, 49, 92)	 0.13217138707334788
(7, 28, 66)	 0.2125984251968504
(2, 5, 58)	 0.2414113277623027
(5, 56, 67)	 0.3291492329149233
(3, 4, 49, 57, 61)	 0.32666666666666666
(1, 27, 61)	 0.3074074074074074
(14, 48)	 0.08708938120702828
(2, 37, 40, 46)	 0.14
(40, 50, 77)	 0.2042648709315376
(17, 35, 43)	 0.2910216718266254
(16, 17, 20, 25, 27)	 0.38999999999999996
(25, 59, 63)	 0.48991354466858783
(4, 17, 28, 32)	 0.2792207792207792
(40, 53, 64)	 0.22789425706472197
(43, 47, 52, 53)	 0.3021276595744681
(30, 45, 56)	 0.32870370370370366
(1, 2, 5, 20, 48)	 0.17777777777777776
(68, 85, 92)	 0.1833855799373041
(35, 38, 46)	 0.25938566552901027
(4, 5, 12, 14, 20)	 0.39800995024875624
(19, 29, 30)	 0.25870646766169153
(4, 8, 15)	 0.23236514522821577
(70, 73, 113)	 0.23660714285714288
(4, 6, 11, 22)	 0.3
(2, 10, 37, 53)	 0.20040080160320642
(53, 123)	 0.1270358306188925
(1, 2, 13)	 0.2378048780487805
(44, 48, 51, 59)	 0.3044982698961938
(26, 37, 52, 71)	 0.3333333333333333
(1, 8, 95)	 0.13590939373750832
(6, 8, 9, 10, 18)	 0.2406015037593985
(28, 38, 63)	 0.33898305084745767
(1, 2, 12, 60)	 0.3439716312056737
(50, 51, 109)	 0.16052060737527116
(29, 78, 83)	 0.2786885245901639
(41, 99, 115, 120)	 0.4083969465648855
(15, 16, 28, 35, 36)	 0.3515151515151515
(10, 69, 91)	 0.2206896551724138
(11, 72, 115)	 0.2897727272727273
(1, 20, 104)	 0.15816326530612243
(12, 32, 103)	 0.14026792750197006
(41, 45)	 0.18911174785100285
(57, 79, 87)	 0.36999999999999994
(1, 3, 10, 13, 15)	 0.34502923976608185
(1, 2, 7, 8, 13)	 0.14074074074074075
(0, 9, 17)	 0.14423922603342126
(0, 5, 7, 27)	 0.20555555555555557
(4, 19, 22, 29, 31)	 0.2086092715231788
(9, 13, 24, 34)	 0.372093023255814
(79, 103, 125)	 0.1792452830188679
(71, 75)	 0.17834394904458598
(1, 5, 13)	 0.31155778894472363
(17, 52, 55)	 0.31948881789137373
(1,)	 0.12500000000000003
(7, 10, 16, 34, 35)	 0.3076923076923077
(72, 109)	 0.13043478260869565
(1, 3, 62)	 0.1978798586572438
(7, 46, 47, 49)	 0.25742574257425743
(3, 6, 55, 66)	 0.25853154084798347
(56, 64, 78)	 0.27312013828867765
(11, 28, 55)	 0.2839506172839506
(8, 32, 33, 34)	 0.3627450980392157
(8, 74, 81)	 0.5012531328320802
(27, 30, 81)	 0.4191919191919192
(1, 121)	 0.1603563474387528
(77, 80, 82)	 0.2121212121212121
(62, 84)	 0.19913419913419914
(86, 89)	 0.18655692729766804
(68, 73, 75)	 0.30971128608923887
(14, 33, 39, 54)	 0.2980769230769231
(30, 84)	 0.14661134163208853
(61, 72, 88)	 0.25077399380804954
(74, 75, 77)	 0.2826855123674912
(15, 31, 84)	 0.3597122302158273
(53, 77, 78)	 0.40262582056892776
(17, 51, 52, 71)	 0.42533936651583715
(1, 6, 87)	 0.2950819672131147
(5, 36, 46, 56)	 0.26720647773279355
(68, 69, 74)	 0.3890784982935154
(28, 29, 30)	 0.38554216867469876
(38, 63)	 0.224390243902439
(62, 110)	 0.192090395480226
(45,)	 0.36697247706422015
(7, 14, 37)	 0.25806451612903225
(20, 68, 105)	 0.24448217317487264
(28, 30, 35, 40)	 0.28662420382165604
(36, 119)	 0.10708661417322834
(1, 2, 4)	 0.2698961937716263
(36, 105)	 0.17142857142857143
(1, 27, 28)	 0.1878453038674033
(1, 45, 46)	 0.5087719298245614
(46, 62, 63)	 0.5768421052631578
(80, 81, 94)	 0.2550335570469799
(1, 3, 57, 58)	 0.38208955223880603
(33, 37, 70)	 0.19
(63, 72, 73)	 0.39293598233995586
(22, 90, 91)	 0.182648401826484
(37, 50)	 0.16290726817042606
(11, 18, 34)	 0.21200000000000002
(38, 117)	 0.21833161688980435
(37, 49, 69)	 0.3515358361774744
(15, 16, 22)	 0.22310756972111553
(55, 60, 93)	 0.23137254901960783
(49, 75, 84)	 0.304
(67, 74, 75)	 0.2745098039215686
(1, 8, 11, 27)	 0.1515151515151515
(63, 78)	 0.21888412017167386
(1, 91, 93)	 0.13895781637717122
(32, 81, 83)	 0.41025641025641024
(1, 41, 48)	 0.37940379403794044
(12, 30, 36, 37)	 0.4545454545454546
(28, 84)	 0.09923664122137404
(34, 73, 95)	 0.34191176470588236
(23, 93, 94)	 0.316400580551524
(1, 28, 39)	 0.20149253731343283
(104, 134)	 0.18125
(72, 75, 77)	 0.3311688311688312
(7, 25, 26, 29, 32)	 0.36056338028169016
(28, 121)	 0.20919175911251978
(1, 11, 14, 17, 18)	 0.3968253968253968
(1, 10, 44)	 0.224622030237581
(66, 67, 71)	 0.43137254901960786
(1, 56)	 0.1771501925545571
(74, 75)	 0.19780219780219782
(1, 130)	 0.28395061728395066
(1, 3, 57)	 0.36426116838487965
(44, 46, 47, 63)	 0.34366197183098596
(28, 61, 62)	 0.38650306748466257
(88, 104)	 0.1498771498771499
(32, 120, 125)	 0.15918367346938775
(83, 114, 124)	 0.3084967320261438
(64, 87, 93)	 0.1850443599493029
(1, 17, 73)	 0.2448979591836735
(1, 2, 5, 6, 24)	 0.4594594594594595
(1, 13, 15, 30)	 0.2720588235294118
(61, 65, 67)	 0.5581395348837209
(43, 58, 79)	 0.37974683544303794
(1, 2, 43)	 0.33215547703180215
(27, 57, 103)	 0.2927835051546392
(81, 86, 88)	 0.2862523540489642
(27, 101)	 0.20596205962059622
(38, 54)	 0.17594254937163376
(100, 127)	 0.22648752399232244
(2, 63)	 0.2526564344746163
(1, 100, 101)	 0.3111111111111111
(11, 16, 44, 50)	 0.43333333333333335
(90, 98)	 0.41304347826086957
(38, 52, 53, 56)	 0.3278688524590164
(9, 39, 40, 41)	 0.23414634146341462
(2, 9)	 0.2296296296296296
(77, 82, 83)	 0.18706697459584296
(1, 28, 46)	 0.4948979591836734
(9, 52, 54)	 0.4510385756676558
(55, 99)	 0.19827586206896552
(86, 113)	 0.2270058708414873
(27, 33, 40)	 0.47698744769874485
(26, 30, 37)	 0.2446043165467626
(24, 80, 88)	 0.301056338028169
(31, 72)	 0.13278008298755184
(40, 50, 62)	 0.4355179704016913
(14, 23, 28, 52)	 0.3240740740740741
(123, 139)	 0.16878980891719744
(23, 61, 71)	 0.27705627705627706
(1, 44, 88)	 0.15442561205273067
(60, 77, 88)	 0.25790754257907544
(1, 69, 70, 73)	 0.37462235649546827
(60, 71, 80)	 0.3687150837988827
(1, 25, 79)	 0.25443786982248523
(113, 128)	 0.1834061135371179
(32, 123, 125)	 0.304
(1, 55, 66)	 0.35185185185185186
(1, 79)	 0.33587786259541985
(64, 101)	 0.12441314553990612
(72, 107)	 0.17457305502846304
(1, 20, 28)	 0.2078853046594982
(22, 37, 40, 43)	 0.40476190476190477
(50, 67, 76, 77)	 0.4674556213017752
(63, 149, 150)	 0.31688311688311693
(1, 86, 98)	 0.32786885245901637
(2, 31, 32, 36, 38)	 0.3682719546742209
(19, 58, 65)	 0.22752808988764045
(1, 2)	 0.2012578616352201
(1, 97, 101)	 0.3333333333333333
(39, 40, 84)	 0.2635135135135135
(26, 47, 88)	 0.4186046511627908
(47, 53, 90)	 0.23192360163710773
(1, 14, 72)	 0.2452431289640592
(1, 3, 14, 17)	 0.2625482625482625
(79, 80, 82)	 0.2823529411764706
(3, 32, 73)	 0.23636363636363636
(81, 96, 113)	 0.1795275590551181
(1, 49, 50, 60)	 0.4444444444444444
(32, 47)	 0.2936096718480138
(35, 37, 40)	 0.3872832369942196
(3, 54)	 0.1011608623548922
(6, 93, 96)	 0.3844797178130511
(38, 62, 77)	 0.16094210009813542
(29, 30, 59, 60)	 0.5
(99, 121, 132)	 0.36712328767123287
(1, 15, 27, 36, 39)	 0.3601108033240997
(61, 97)	 0.12162162162162163
(1, 2, 15, 16)	 0.3356643356643357
(98, 124)	 0.08069620253164557
(15, 21)	 0.13748378728923477
(116, 124)	 0.17836257309941522
(2, 3, 43)	 0.18604651162790697
(1, 38, 39)	 0.46864686468646866
(31, 51, 102)	 0.18066561014263074
(43, 45, 47, 48)	 0.4652278177458033
(4, 42, 78)	 0.14569536423841062
(1, 8, 12, 23)	 0.20987654320987656
(61, 62, 105)	 0.2792937399678973
(25, 70, 91)	 0.2664526484751204
(51, 120)	 0.21304926764314247
(1, 13, 37, 46)	 0.43189368770764114
(3, 4, 18, 36)	 0.3314285714285714
(2, 4, 15, 34)	 0.24107142857142855
(13, 20, 22, 24, 32)	 0.39223300970873787
(42, 101)	 0.19934640522875818
(1, 11, 27)	 0.4333333333333333
(1, 78, 79)	 0.3495145631067961
(104, 105, 107)	 0.3852596314907873
(24, 33, 38, 39, 45)	 0.3879310344827586
(37, 54, 108)	 0.2882882882882883
(14, 23, 24, 25)	 0.43086816720257237
(53, 68, 91)	 0.20035149384885764
(22, 42, 56)	 0.43153526970954353
(64, 87)	 0.135706340378198
(8, 9, 31)	 0.21352313167259787
(3, 26, 69)	 0.30618892508143325
(1, 75, 76)	 0.6791443850267379
(101, 148)	 0.25065274151436034
(87, 89, 90)	 0.5690140845070423
(33, 39, 86)	 0.2965853658536586
(1, 25, 35, 54)	 0.3035230352303523
(102, 110, 115)	 0.19082125603864733
(41, 52, 111)	 0.2033898305084746
(1, 60, 61)	 0.23529411764705885
(49, 65, 69)	 0.1964573268921095
(25, 35, 78, 79)	 0.4727272727272728
(38, 50)	 0.22145328719723184
(59, 77)	 0.28211586901763225
(37, 81, 98)	 0.3058419243986254
(71, 74)	 0.11860940695296524
(9, 24, 34, 57, 58)	 0.26153846153846155
(2, 104, 118)	 0.17768147345612134
(39, 133)	 0.26611796982167346
(33, 97)	 0.11819235225955968
(96, 126, 127)	 0.2652173913043478
(43, 100, 114)	 0.18617021276595744
(6, 123)	 0.2142857142857143
(10, 52, 60)	 0.30909090909090914
(3, 5, 166)	 0.39320388349514557
(97, 98, 99)	 0.24497257769652647
(23, 105, 106)	 0.344
(1, 12, 49)	 0.12177121771217712
(1, 47, 60)	 0.23085714285714287
(14, 24, 100)	 0.2025862068965517
(58, 86, 88)	 0.19082568807339453
(45, 46, 49)	 0.21457489878542513
(14, 15, 18, 39, 47)	 0.3450134770889488
(62, 74, 83)	 0.2747603833865815
(1, 30, 34, 37, 41)	 0.5678119349005425
(78, 86, 87)	 0.3050847457627119
(65, 69)	 0.18772563176895307
(1, 68)	 0.2935153583617748
(50, 74, 85)	 0.2768496420047733
(101, 111)	 0.26162790697674415
(1, 101, 107)	 0.3221476510067114
(2, 17, 18)	 0.43243243243243246
(21, 47, 63)	 0.3118279569892473
(1, 43, 62)	 0.42490842490842484
(27, 117)	 0.15286624203821655
(1, 78, 96)	 0.38735177865612647
(94, 143)	 0.08718626155878467
(7, 10)	 0.29447852760736193
(94, 105)	 0.172106824925816
(37, 79, 120)	 0.24972129319955408
(1, 6, 22, 54)	 0.33412887828162297
(2, 6, 24, 27)	 0.33707865168539325
(11, 43, 45, 47)	 0.360655737704918
(54, 68, 118)	 0.301980198019802
(1, 93, 115)	 0.30113636363636365
(37, 42, 46)	 0.3394255874673629
(39, 50, 54)	 0.38910505836575876
(81, 137)	 0.2646239554317549
(20, 25, 73, 75)	 0.3169811320754717
(1, 31, 57, 58)	 0.4411764705882353
(1, 2, 30, 32)	 0.35999999999999993
(65, 67)	 0.12993630573248408
(57, 103)	 0.17208413001912046
(9, 47, 81)	 0.18731988472622477
(112, 125, 129)	 0.31980906921241053
(47, 48, 80)	 0.4952830188679246
(41, 45, 65)	 0.35185185185185186
(5, 28, 118)	 0.27983539094650206
(78, 101)	 0.17571059431524547
(1, 110, 120)	 0.3589743589743589
(106, 115)	 0.11796246648793565
(40, 83)	 0.17217217217217218
(63, 73)	 0.25766871165644173
(66, 74, 75)	 0.380952380952381
(34, 57, 59)	 0.15477214101461734
(1, 29)	 0.0926130099228225
(28, 40, 56)	 0.24570024570024568
(55, 56, 97)	 0.2935153583617747
(96, 102, 118)	 0.22302158273381298
(52, 55, 84)	 0.2524752475247525
(65, 78, 79)	 0.5161290322580645
(49, 60, 62)	 0.31578947368421056
(56, 121)	 0.21069692058346842
(56, 74, 79)	 0.2966101694915254
(66, 89, 100)	 0.30196078431372547
(67, 69, 72)	 0.4
(1, 2, 12, 42)	 0.3636363636363636
(71, 74)	 0.17422434367541767
(26, 40, 71)	 0.25000000000000006
(1, 62, 71)	 0.3129770992366412
(129, 136)	 0.1374045801526718
(37, 81, 84)	 0.3906705539358601
(40, 51, 53)	 0.3843648208469055
(1, 37, 40, 41)	 0.43979057591623033
(35, 39, 53)	 0.28124999999999994
(58, 136)	 0.13720316622691292
(47, 88, 90)	 0.3692307692307692
(107, 132)	 0.14675767918088736
(14, 34, 72)	 0.3512747875354108
(29, 67, 68)	 0.31004366812227074
(85, 96, 116)	 0.24695121951219515
(76, 96, 97)	 0.2658610271903324
(1, 53, 65)	 0.37499999999999994
(53, 101)	 0.2058823529411765
(1, 13, 19)	 0.3232323232323232
(20, 48, 53)	 0.26666666666666666
(5, 8, 11, 12, 14)	 0.3835616438356164
(1, 60, 80)	 0.3503649635036496
(1, 36, 56)	 0.35602094240837706
(84, 86, 97)	 0.4018058690744921
(1, 87, 110)	 0.21709006928406466
(8, 43, 58)	 0.36585365853658536
(1, 67, 75)	 0.37373737373737376
(60, 103)	 0.12935323383084577
(101, 102, 104)	 0.1746938775510204
(64, 94, 96)	 0.41891891891891897
(3, 41, 80)	 0.28571428571428575
(31, 86)	 0.18567639257294427
(70, 79)	 0.10097087378640777
(22, 31, 35, 37, 38)	 0.2672413793103448
(74, 75, 78)	 0.25954198473282447
(1, 16, 22, 23, 30)	 0.37223974763406936
(1, 80, 83)	 0.4693877551020408
(2, 63, 73)	 0.3338048090523338
(44, 110)	 0.2346368715083799
(57, 59)	 0.11359026369168355
(1, 2, 56)	 0.18734177215189876
(1, 38, 97)	 0.2810590631364562
(1, 3, 6, 15)	 0.36134453781512604
(146, 147, 152)	 0.3062730627306273
(66, 114)	 0.12121212121212122
(23, 100)	 0.2231404958677686
(28, 59)	 0.16832779623477295
(13, 37, 43)	 0.34349030470914127
(36, 37, 103)	 0.34285714285714286
(59, 101)	 0.12031558185404338
(1, 33, 68)	 0.47811447811447805
(33, 108)	 0.17272727272727273
(1, 2, 58)	 0.3203125
(3, 44, 46)	 0.36426116838487976
(27, 35, 36)	 0.25
(45, 61, 112)	 0.354916067146283
(32, 62, 63)	 0.1758957654723127
(20, 30, 85)	 0.22358722358722355
(2, 10, 51)	 0.26294820717131473
(36, 50, 66)	 0.17988394584139267
(78, 120, 125)	 0.2834331337325349
(64, 94, 96)	 0.3909348441926346
(1, 2, 70, 74)	 0.43243243243243246
(87, 101)	 0.28313253012048195
(17, 20, 30, 34)	 0.5705521472392638
(2, 22, 131)	 0.3
(10, 101, 118)	 0.1401673640167364
(1, 119, 128)	 0.367816091954023
(50, 106)	 0.12903225806451613
(4, 5, 46, 62)	 0.3035343035343035
(38, 42, 65)	 0.4322766570605187
(55, 59, 94)	 0.22045152722443562
(51, 75)	 0.1535776614310646
(76, 80, 87)	 0.46684350132625985
(28, 34, 35, 40)	 0.4078431372549019
(1, 37, 46)	 0.46031746031746035
(1, 75, 77)	 0.278580814717477
(51, 100)	 0.2133676092544987
(2, 155)	 0.08000000000000002
(1, 26, 46, 56)	 0.3318385650224215
(65, 71, 86)	 0.2146118721461187
(58, 76, 84)	 0.4129032258064516
(102, 114, 125)	 0.31891891891891894
(39, 86)	 0.13932584269662923
(1, 81, 109)	 0.2474226804123712
(5, 7, 26, 27)	 0.31746031746031744
(66, 79, 81)	 0.33976833976833976
(25, 43, 80)	 0.3028169014084507
(62, 69, 110)	 0.29307568438003223
(39, 106)	 0.16393442622950818
(44, 63, 64)	 0.38436482084690554
(8, 42, 43, 44, 47)	 0.43037974683544306
(54, 69)	 0.16420361247947454
(28, 98)	 0.16397228637413397
(127, 130)	 0.11497326203208556
(102, 103)	 0.2201834862385321
(38, 40, 44)	 0.37162162162162166
(60, 101, 104)	 0.3522012578616352
(1, 60, 65)	 0.29411764705882354
(64, 75)	 0.20982142857142858
(3, 60, 64)	 0.3323615160349855
(62, 90, 97)	 0.2798982188295165
(41, 47, 86)	 0.4393592677345538
(26, 69, 70)	 0.1874258600237248
(7, 11, 13, 32, 40)	 0.36633663366336633
(6, 11, 40, 41)	 0.43921568627450985
(44, 46, 51)	 0.28865979381443296
(44, 46, 82)	 0.2842639593908629
(55, 56, 67)	 0.40793201133144474
(11, 19, 31)	 0.21240799158780233
(14, 48, 68)	 0.3179190751445087
(1, 28, 32, 34, 38)	 0.24309392265193372
(28, 51, 52)	 0.368231046931408
(24, 78, 80)	 0.32388663967611336
(1, 12, 14, 27, 28)	 0.49221183800623064
(19, 51, 53)	 0.24550898203592814
(14, 16, 17, 32)	 0.3402985074626866
(17, 19, 20)	 0.26860841423948223
(1, 95, 108)	 0.2650602409638554
(1, 25, 26)	 0.20519159456118669
(70, 87, 90)	 0.3036876355748373
(2, 70, 83)	 0.19927095990279464
(1, 109)	 0.1990521327014218
(31, 39, 84)	 0.37940379403794033
(54, 55, 77)	 0.33242506811989103
(100, 113, 114)	 0.36705882352941177
(87, 133)	 0.2377622377622378
(13, 17, 20, 38)	 0.5255474452554744
(66, 67, 100)	 0.40789473684210525
(20, 23, 24, 26)	 0.44376899696048633
(57, 77, 78)	 0.21925925925925924
(29, 40, 53)	 0.4456521739130435
(1, 32, 34, 93)	 0.3246753246753247
(1, 64, 67)	 0.372960372960373
(20, 33, 74)	 0.23052959501557632
(85, 105, 113)	 0.26740947075208915
(28, 43, 67)	 0.2325581395348837
(38, 45, 61)	 0.37362637362637363
(36, 56, 57)	 0.34551495016611294
(27, 30, 79)	 0.2711864406779661
(1, 36, 125)	 0.26369168356997974
(35, 60, 74)	 0.4106280193236715
(1, 29, 53)	 0.4827586206896552
(100, 111, 125)	 0.23204419889502761
(13, 48)	 0.15289256198347106
(1, 85, 100)	 0.20874471086036672
(51, 63, 78)	 0.3240223463687151
(70, 80, 103)	 0.33282442748091606
(13, 15, 17, 34)	 0.2903225806451613
(70, 100, 112)	 0.22264875239923224
(51, 58, 89)	 0.24482758620689657
(1, 74, 76)	 0.3591836734693878
(66, 84, 85)	 0.4756097560975609
(39, 41, 56)	 0.3171806167400882
(121, 139, 155)	 0.29795158286778395
(7, 70, 85)	 0.31496062992125984
(5, 17, 89)	 0.1884422110552764
(1, 90, 111)	 0.20994475138121546
(17, 47, 57)	 0.254606365159129
(25, 38)	 0.14169741697416974
(1, 58)	 0.3686006825938567
(1, 139)	 0.20249221183800623
(82, 110, 119)	 0.27376425855513303
(39, 115)	 0.23143350604490504
(82, 84, 104)	 0.3622448979591837
(14, 33, 49)	 0.19635343618513326
(31, 68, 69)	 0.3689839572192513
(89, 100)	 0.14035087719298245
(47, 76)	 0.12947189097103917
(8, 45, 78)	 0.20761245674740486
(25, 32, 56)	 0.308641975308642
(53, 102)	 0.21985815602836878
(23, 26, 29, 34, 38)	 0.39062500000000006
(1, 36)	 0.18666666666666668
(7, 20, 21, 23, 25)	 0.319672131147541
(65, 67)	 0.13869625520110956
(1, 62, 81)	 0.18666666666666668
(1, 89, 96)	 0.2446808510638298
(10, 66, 67, 69)	 0.25149700598802394
(2, 21, 76)	 0.47027027027027035
(1, 14, 22, 36)	 0.3349753694581281
(39, 107, 120)	 0.2352941176470588
(64, 65, 66)	 0.40625
(36, 87)	 0.12710765239948119
(26, 79, 81)	 0.48251748251748244
(1, 3, 26)	 0.17706237424547283
(15, 16, 36, 39)	 0.47656249999999994
(1, 61, 88)	 0.22372881355932203
(58, 143)	 0.12253829321663022
(1, 24)	 0.10948905109489052
(95, 121, 126)	 0.3741648106904232
(36, 60, 66)	 0.20905923344947736
(1, 35, 36)	 0.22314049586776863
(36, 37, 52)	 0.2269503546099291
(81, 90, 104)	 0.4057971014492754
(76, 120)	 0.22026431718061676
(1, 63, 85)	 0.21933962264150944
(22, 74, 80)	 0.2672292545710267
(21, 65, 98)	 0.3450479233226837
(80, 96)	 0.14373088685015292
(65, 71)	 0.24651162790697673
(62, 84, 107)	 0.29350104821802936
(14, 36, 71)	 0.26273458445040215
(27, 29, 73)	 0.2879581151832461
(66, 105)	 0.19225251076040173
(31, 59, 84)	 0.26236559139784943
(68, 85, 92)	 0.2727272727272727
(2, 21, 23, 24, 26)	 0.47530864197530864
(73, 75)	 0.197979797979798
(26, 53, 54, 56)	 0.38338658146964855
(67, 73)	 0.10146173688736027
(71, 87, 101)	 0.2564102564102564
(48, 61, 92)	 0.28113879003558717
(41, 79)	 0.1529664045746962
(1, 6, 41, 45)	 0.3942307692307693
(114, 140, 152)	 0.4391143911439115
(85, 118)	 0.18204488778054861
(28, 104)	 0.3133462282398453
(91, 134)	 0.06632124352331606
(66, 118)	 0.1968503937007874
(1, 2, 3, 36)	 0.5098039215686275
(89, 109, 146)	 0.1761252446183953
(3, 4, 76)	 0.3799283154121864
(51, 133)	 0.11180124223602485
(37, 39, 41)	 0.49261083743842365
(2, 28, 65)	 0.21621621621621623
(1, 75, 100)	 0.20333041191936896
(2, 9, 110)	 0.2595744680851064
(21, 39, 67)	 0.37528604118993136
(1, 59, 117)	 0.3179916317991632
(35, 44, 57)	 0.38683127572016457
(1, 73, 77)	 0.43820224719101125
(38, 45, 47)	 0.3382663847780127
(44, 54, 56)	 0.38172043010752693
(2, 43, 68, 71)	 0.4383561643835617
(1, 112, 114)	 0.35333333333333333
(1, 60, 69)	 0.2873563218390805
(62, 63)	 0.2587800369685767
(29, 92)	 0.18677042801556418
(54, 56, 88)	 0.3125
(48, 80, 91)	 0.2622309197651664
(22, 28, 29, 51)	 0.2857142857142857
(37, 45)	 0.2316076294277929
(45, 54, 62)	 0.2394822006472492
(31, 56, 60)	 0.38795986622073575
(45, 106, 113)	 0.1650853889943074
(29, 34, 59)	 0.3047619047619048
(8, 42, 59)	 0.4581818181818182
(1, 8, 117)	 0.14141414141414144
(4, 79, 93)	 0.30458715596330277
(27, 31)	 0.18585858585858586
(108, 121)	 0.1871345029239766
(10, 46, 52)	 0.38670694864048333
(1, 35, 66)	 0.2982885085574572
(100, 101, 129)	 0.19224806201550387
(31, 32, 40)	 0.35732009925558317
(1, 73, 77)	 0.29894736842105263
(42, 83, 93)	 0.23492063492063495
(1, 102, 103)	 0.5017421602787456
(90, 119)	 0.1643132220795892
(62, 64, 68)	 0.3448275862068965
(112, 114)	 0.20935412026726058
(44, 87, 107)	 0.5841121495327104
(1, 51, 54)	 0.3194103194103194
(7, 51, 86)	 0.3552123552123552
(97, 131)	 0.1626984126984127
(3, 9, 35)	 0.19861431870669746
(1, 2, 87)	 0.294234592445328
(47, 107, 123)	 0.2961460446247464
(64, 78)	 0.09043478260869564
(1, 16, 39, 49, 53)	 0.3225806451612903
(65, 121)	 0.18298555377207062
(89, 94)	 0.19148936170212763
(6, 33, 68)	 0.18827160493827164
(1, 102, 105)	 0.27655986509274877
(89, 105)	 0.1746617466174662
(99, 144)	 0.08870967741935483
(4, 30, 52)	 0.26433915211970077
(8, 98)	 0.09634809634809635
(35, 54, 66)	 0.44686648501362397
(30, 60, 82)	 0.30294906166219837
(6, 24, 75)	 0.19525065963060687
(21, 22, 25, 37)	 0.30857142857142855
(4, 39, 57)	 0.21951219512195125
(64, 65, 109)	 0.33834586466165417
(1, 93, 102)	 0.3143939393939394
(5, 82, 98)	 0.2025782688766114
(3, 91)	 0.13689095127610207
(2, 10, 57)	 0.297029702970297
(36, 48, 74)	 0.24610591900311526
(14, 25, 48, 50)	 0.2815884476534296
(63, 124, 133)	 0.15355805243445694
(58, 94, 95)	 0.1530864197530864
(82, 88, 103)	 0.45910290237467016
(10, 80, 94)	 0.26835443037974677
(1, 3, 5, 13, 19)	 0.27177700348432055
(12, 52)	 0.14565826330532214
(73, 95)	 0.1149425287356322
(49, 80, 91)	 0.1917255297679112
(68, 85, 90)	 0.3176470588235294
(1, 22, 84)	 0.3047091412742382
(23, 27)	 0.18441971383147854
(6, 47, 52)	 0.22943722943722944
(50, 100)	 0.13411764705882354
(11, 60, 69)	 0.2559055118110236
(84, 107)	 0.12343297974927675
(52, 92, 99)	 0.1978021978021978
(38, 49, 50, 54)	 0.3
(70, 121)	 0.17670682730923695
(33, 34, 43)	 0.396039603960396
(41, 62, 89)	 0.24381625441696111
(14, 25, 30, 32)	 0.40697674418604646
(5, 12, 44, 45)	 0.28915662650602414
(33, 93)	 0.1580547112462006
(33, 38, 64)	 0.31666666666666665
(35, 75, 76)	 0.359375
(1, 12, 68)	 0.29559748427672955
(56, 57, 62)	 0.48024316109422494
(22, 39, 74)	 0.32326820603907636
(114, 115, 118)	 0.28014184397163117
(46, 50, 53)	 0.21743589743589742
(63, 90, 91)	 0.34722222222222227
(40, 63, 68)	 0.19577308120133483
(2, 54, 56, 64)	 0.3157894736842105
(10, 21, 64)	 0.2939866369710468
(1, 2, 29)	 0.40963855421686746
(41, 42, 46)	 0.2845070422535211
(1, 28, 33, 37)	 0.3916666666666667
(45, 47, 72)	 0.419889502762431
(5, 31, 96)	 0.39908256880733944
(18, 33)	 0.4280155642023347
(30, 39, 44)	 0.34375
(12, 106)	 0.11052631578947368
(15, 21, 24, 31, 36)	 0.2978723404255319
(1, 51, 57, 66)	 0.5472312703583061
(5, 6, 15, 20, 25)	 0.3460410557184751
(15, 16, 22, 25, 28)	 0.423728813559322
(5, 37, 55)	 0.41613588110403393
(1, 77)	 0.20344827586206898
(64, 91, 102)	 0.2419753086419753
(10, 19, 89)	 0.20883534136546186
(107, 111)	 0.2710622710622711
(47, 53, 59)	 0.2953451043338684
(58, 70, 97)	 0.2727272727272727
(3, 27, 77)	 0.2682445759368836
(1, 2, 61)	 0.44536652835408025
(1, 40, 43, 44)	 0.3404255319148936
(11, 26, 28, 46)	 0.17232375979112272
(43, 74, 79)	 0.15165876777251183
(1, 40, 79)	 0.14497528830313014
(36, 67, 70)	 0.31466666666666665
(44, 48, 87)	 0.20763358778625954
(10, 12, 14)	 0.21252371916508545
(4, 53)	 0.11375387797311272
(4, 34, 38, 39)	 0.22535211267605634
(15, 51, 79)	 0.1649746192893401
(60, 84)	 0.2567567567567568
(29, 89, 90)	 0.4911032028469751
(60, 103, 108)	 0.3747072599531616
(2, 60, 61)	 0.23676880222841226
(2, 77, 107)	 0.3221884498480243
(40, 64, 80)	 0.21615720524017465
(2, 35, 60, 65)	 0.2966751918158568
(57, 82, 97)	 0.2132867132867133
(1, 20, 23, 54)	 0.3381088825214899
(1, 19, 22, 23, 24)	 0.30097087378640774
(1, 30, 46, 48)	 0.39669421487603307
(35, 81, 104)	 0.20661985957873621
(33, 63, 71)	 0.17408123791102514
(111, 139, 144)	 0.31067961165048547
(1, 59, 78)	 0.41087613293051356
(16, 18, 53, 59)	 0.3068493150684931
(62, 85, 98)	 0.45436105476673433
(1, 22, 35, 37, 38)	 0.23887587822014053
(46, 47, 48)	 0.3097643097643098
(2, 44, 54)	 0.29948364888123924
(1, 19, 64)	 0.35294117647058826
(116, 125)	 0.15703703703703703
(62, 102)	 0.19367991845056062
(8, 9, 103)	 0.4219178082191781
(74, 77, 80)	 0.38447319778188543
(6, 28, 74)	 0.3047619047619048
(10, 57, 58)	 0.30769230769230765
(2, 40, 58)	 0.19787234042553192
(20, 24, 38)	 0.3121019108280255
(1, 8, 12)	 0.3940520446096654
(59, 75)	 0.1456752655538695
(99, 100)	 0.14991482112436116
(33, 37, 38, 39)	 0.4039408866995074
(52, 56)	 0.1500815660685155
(47, 62)	 0.2647058823529411
(110, 122)	 0.14
(75, 99)	 0.21937321937321938
(3, 19)	 0.05339805825242719
(7, 64, 106)	 0.24773413897280966
(47, 54, 55)	 0.34736842105263155
(32, 103)	 0.21261682242990654
(55, 63)	 0.12652439024390244
(27, 28, 52)	 0.49339207048458156
(29, 30, 33, 36, 37)	 0.2933985330073349
(64, 95, 102)	 0.310126582278481
(60, 94)	 0.18167330677290838
(7, 10, 24, 27)	 0.37017994858611825
(1, 41, 45, 46)	 0.27586206896551724
(1, 8, 57)	 0.25823223570190645
(21, 44)	 0.20845921450151056
(28, 40, 65)	 0.22910216718266255
(40, 53, 80)	 0.31519274376417233
(11, 22, 82)	 0.24451410658307207
(30, 65, 71)	 0.40184757505773666
(18, 19, 49)	 0.34507042253521125
(13, 14, 22, 53)	 0.16225165562913907
(74, 88)	 0.1943462897526502
(17, 46, 67)	 0.2688524590163935
(80, 101, 102)	 0.311864406779661
(3, 23, 25)	 0.2882352941176471
(87, 98, 111)	 0.1828463713477851
(60, 87, 89)	 0.2710027100271003
(21, 32, 49)	 0.19180633147113593
(1, 64, 85)	 0.25333333333333335
(69, 76, 81)	 0.29484029484029484
(37, 102)	 0.240343347639485
(57, 102)	 0.0687593423019432
(4, 73, 101)	 0.2701612903225806
(40, 71)	 0.16176470588235295
(126, 131)	 0.1177707676130389
(3, 31, 38)	 0.25493716337522443
(116, 117, 126)	 0.14620689655172414
(3, 5)	 0.25477707006369427
(1, 25, 60)	 0.4043321299638989
(3, 12, 27)	 0.3018867924528302
(1, 2, 12)	 0.14437367303609344
(83, 110)	 0.12557710064635275
(54, 122, 137)	 0.3314917127071823
(25, 44, 50)	 0.3386243386243386
(98, 99, 100)	 0.3660714285714286
(64, 66, 76)	 0.4180327868852459
(68, 70, 71)	 0.2585365853658536
(76, 84, 105)	 0.1627450980392157
(44, 45)	 0.5882352941176471
(53, 54, 79)	 0.4202626641651032
(8, 51, 58)	 0.3342618384401114
(9, 31, 35)	 0.37967914438502676
(46, 57, 94)	 0.31161473087818703
(48, 113)	 0.20555555555555552
(26, 41, 69)	 0.1962421711899791
(8, 46, 47, 48)	 0.5015873015873016
(10,)	 0.42000000000000004
(52, 75, 96)	 0.3017543859649123
(42, 47, 55)	 0.3597122302158273
(1, 3, 69)	 0.2096774193548387
(22, 73, 74)	 0.29104477611940294
(16, 44, 45)	 0.6049382716049383
(1, 33, 62)	 0.2209631728045326
(60, 126)	 0.1908713692946058
(74, 80)	 0.1539961013645224
(2, 18, 58, 59)	 0.35087719298245623
(2, 5)	 0.182370820668693
(11, 31, 56)	 0.2020618556701031
(34, 46, 65)	 0.22822085889570554
(2, 129)	 0.24671916010498687
(36, 64, 70)	 0.43389830508474575
(116, 125)	 0.23163841807909605
(2, 34, 44, 45)	 0.45528455284552843
(30, 69, 81)	 0.1858736059479554
(32, 35, 50)	 0.3767605633802817
(28, 62)	 0.20065789473684212
(72, 78, 80)	 0.29085872576177285
(3, 20, 21, 22)	 0.4448669201520912
(29, 30, 86)	 0.34839650145772594
(1, 33, 65, 66)	 0.46648793565683644
(127, 133)	 0.27601809954751133
(64, 71, 72)	 0.3323262839879154
(87, 89, 90)	 0.3569230769230769
(23, 79)	 0.18617021276595744
(50, 51, 60)	 0.3760217983651226
(1, 18, 19, 20, 28)	 0.4509803921568628
(40, 95)	 0.14857142857142858
(61, 112)	 0.13485477178423236
(15, 35, 61)	 0.3673469387755102
(1, 34, 36, 37, 38)	 0.40597014925373137
(81, 83, 84)	 0.35578583765112265
(64, 71, 92)	 0.3385490753911806
(2, 16, 18, 60)	 0.33716475095785436
(6, 15, 16)	 0.30612244897959184
(39, 76, 77)	 0.37254901960784315
(4, 13, 24, 25, 27)	 0.5077951002227172
(14, 45, 66)	 0.3389312977099237
(11, 20, 40, 47)	 0.28796844181459563
(35, 53)	 0.10851063829787234
(9, 64, 66)	 0.2514285714285714
(1, 46, 49, 52)	 0.24824355971896953
(20, 22, 24)	 0.3121951219512195
(50, 51, 52)	 0.45320197044334976
(13, 31, 85)	 0.36046511627906974
(1, 26, 27, 64)	 0.26190476190476186
(5, 25, 62)	 0.1700554528650647
(17, 34, 35, 57)	 0.19332161687170474
(10, 22, 57)	 0.17425742574257425
(22, 45, 65)	 0.3356258596973865
(1, 5, 66)	 0.16995447647951445
(10, 43, 44)	 0.2151394422310757
(7, 57)	 0.09183673469387756
(82, 103, 131)	 0.2711198428290766
(2, 80, 99)	 0.27821522309711283
(1, 31, 32, 36)	 0.5018181818181818
(1, 14, 17)	 0.248062015503876
(1, 5)	 0.15157894736842106
(1, 13, 90)	 0.19834710743801653
(64, 112)	 0.2268431001890359
(35, 36, 56)	 0.3631436314363144
(4, 8, 20, 21, 29)	 0.09546539379474941
(7, 8, 28)	 0.31669535283993117
(42, 45, 80)	 0.18156028368794327
(44, 53, 72)	 0.27413127413127414
(1, 17, 27, 30, 45)	 0.25622775800711745
(68, 72, 79)	 0.25531914893617025
(44, 45, 46)	 0.3408239700374532
(31, 38, 77)	 0.18803418803418803
(59, 98)	 0.4058823529411765
(54, 55, 63)	 0.28852459016393445
(52, 129)	 0.2522935779816514
(39, 64, 73)	 0.3163265306122449
(37, 40, 73)	 0.13099630996309963
(30, 92)	 0.34883720930232565
(47, 84, 85)	 0.35634743875278396
(84, 85, 88)	 0.39823008849557523
(90, 108)	 0.17559523809523808
(78, 85, 91)	 0.2564841498559078
(23, 29, 37)	 0.21869488536155202
(35, 84, 87)	 0.43243243243243246
(30, 67, 89)	 0.3652561247216035
(36, 41)	 0.08500590318772136
(34, 82, 83)	 0.3333333333333333
(24, 38, 43, 44)	 0.23166023166023167
(122, 123)	 0.06796116504854369
(1, 9, 50)	 0.2147477360931436
(3, 6, 89)	 0.26755852842809363
(126, 141)	 0.1352657004830918
(22, 99)	 0.10855949895615866
(79, 97, 107)	 0.21752903907074975
(36, 71, 83)	 0.31438127090301005
(83, 107)	 0.12633451957295377
(14, 48, 55)	 0.1577825159914712
(2, 25, 27, 34)	 0.35475578406169667
(1, 2, 6, 16, 18)	 0.11076923076923077
(40, 53)	 0.19930069930069932
(1, 60, 72)	 0.2813186813186813
(39, 63, 65)	 0.38954869358669836
(86, 111)	 0.1802325581395349
(1, 8, 17, 44)	 0.38483965014577265
(53, 124)	 0.14593301435406697
(101, 112)	 0.14692653673163417
(108, 113)	 0.12041116005873714
(90, 104, 110)	 0.3
(72, 92)	 0.13622902270483714
(81, 124)	 0.3107088989441931
(119, 122)	 0.20856610800744882
(1, 13, 14, 15, 25)	 0.47530864197530864
(24, 33, 88)	 0.2751540041067762
(42, 44, 77)	 0.16221985058697974
(98, 102, 121)	 0.2351145038167939
(1, 23, 24, 26)	 0.4896265560165975
(1, 8, 9, 10, 33)	 0.36962025316455693
(9, 37, 61)	 0.19126819126819128
(57, 63, 71)	 0.46623093681917205
(30, 41, 47, 49)	 0.27631578947368424
(4, 42, 60)	 0.4935064935064936
(31, 56, 81)	 0.20932878270762226
(34, 53, 57)	 0.2699115044247788
(59, 60, 82)	 0.28315946348733234
(124, 144, 145)	 0.24233128834355827
(48, 63, 77)	 0.39202657807308977
(1, 37, 38, 65)	 0.3920863309352518
(1, 17, 28)	 0.2178571428571428
(1, 10, 12)	 0.2838709677419355
(2, 140)	 0.10592686002522068
(63, 93)	 0.12090313182811362
(95, 112, 123)	 0.24043715846994537
(4, 11, 94)	 0.3167701863354037
(26, 38, 48)	 0.283609576427256
(2, 64, 91)	 0.5396825396825398
(28, 142)	 0.1917808219178082
(1, 3, 41)	 0.4486486486486486
(50, 69, 76)	 0.2718052738336714
(51, 53, 57)	 0.2398921832884097
(1, 25, 26, 27, 30)	 0.3362068965517241
(13, 22, 46, 50)	 0.38271604938271603
(24, 25, 38, 43)	 0.3433962264150943
(1, 36, 52, 68)	 0.6075388026607539
(76, 77, 105)	 0.30584192439862545
(112, 113)	 0.12960893854748604
(12, 15, 18)	 0.2808988764044944
(81, 147)	 0.21721311475409835
(18, 41, 51)	 0.23728813559322035
(5, 12, 37, 38, 39)	 0.44181459566074954
(5, 27, 70)	 0.20123203285420946
(64, 104)	 0.14541622760800843
(50, 82, 112)	 0.15552523874488403
(2, 4)	 0.1675041876046901
(47, 58, 63)	 0.3181818181818182
(42, 82)	 0.15265486725663718
(44, 53, 54)	 0.3592592592592592
(34, 42, 73)	 0.2616487455197133
(103, 104)	 0.22036727879799664
(87, 117)	 0.25596529284164854
(80, 144)	 0.1702127659574468
(31, 75)	 0.10892018779342724
(75, 101)	 0.08385093167701863
(33, 76, 81)	 0.11458333333333334
(52, 59, 60)	 0.45689655172413796
(5, 14, 81)	 0.5150375939849624
(79, 104)	 0.19927095990279464
(3, 5, 94)	 0.33170731707317075
(81, 102, 103)	 0.2549450549450549
(3, 36, 77)	 0.24413145539906098
(28, 48)	 0.2684124386252046
(65, 98)	 0.24409448818897642
(64, 67)	 0.2033898305084746
(50, 56, 68)	 0.18944519621109607
(35, 86)	 0.25721784776902884
(23, 26, 108)	 0.20869565217391306
(7, 105)	 0.15838926174496645
(66, 98)	 0.24118738404452691
(7, 8, 42)	 0.326797385620915
(89, 114)	 0.07623318385650225
(4, 80)	 0.10810810810810811
(11, 106, 111)	 0.21243523316062177
(31, 52, 58)	 0.2699530516431925
(88, 89)	 0.18867924528301888
(76, 91)	 0.1368209255533199
(85, 91)	 0.10318142734307824
(1, 16, 78)	 0.4125
(63, 74, 75)	 0.25787965616045844
(1, 28, 98)	 0.31827956989247314
(69, 73)	 0.09922178988326848
(72, 102)	 0.1563451776649746
(43, 50, 81)	 0.3509369676320273
(70, 92)	 0.2580645161290323
(20, 60, 78)	 0.37360178970917224
(101, 123)	 0.19488817891373805
(28, 30, 31, 37)	 0.4642857142857143
(55, 67)	 0.14135021097046413
(47, 77, 79)	 0.26877470355731226
(65, 92)	 0.15219721329046085
(34, 61, 70)	 0.27385892116182575
(33, 69)	 0.19469026548672566
(11, 43, 78)	 0.16982836495031614
(13, 101)	 0.12027756360832692
(8, 12, 42, 53)	 0.4315545243619489
(1, 31, 47)	 0.39322033898305087
(3, 4, 6, 63)	 0.2679738562091503
(77, 108)	 0.4146685472496474
(1, 52, 58)	 0.2968036529680365
(96, 98, 99)	 0.2344497607655502
(28, 63, 64)	 0.31578947368421056
(78, 116)	 0.26235741444866917
(10, 25, 30)	 0.3170731707317073
(41, 46, 68)	 0.3020408163265306
(88, 93, 105)	 0.38223938223938225
(30, 31, 33, 50)	 0.36842105263157887
(88, 89, 90)	 0.5296167247386759
(1, 38, 40, 44)	 0.22284122562674094
(63, 109, 118)	 0.3697478991596639
(4, 15, 24, 44, 45)	 0.3839285714285714
(37, 85, 86)	 0.2426229508196721
(6, 7)	 0.22448979591836735
(66, 67, 75)	 0.2618025751072961
(10, 16, 17, 33, 34)	 0.5559105431309905
(1, 2, 32, 33)	 0.4501607717041801
(1, 26, 27)	 0.30859375
(47, 57, 98)	 0.23648648648648646
(35, 60, 70)	 0.1936842105263158
(36, 51, 67)	 0.39412997903563934
(4, 22, 23, 30)	 0.350253807106599
(10, 41, 42)	 0.2456140350877193
(54, 72, 73)	 0.3022774327122153
(25, 46)	 0.4025157232704403
(1, 2, 43)	 0.33766233766233766
(1, 53, 62)	 0.26912181303116145
(12, 15, 42, 43)	 0.3879093198992444
(3, 4, 31)	 0.4059040590405904
(12, 25, 55)	 0.40746500777604977
(44, 45, 46)	 0.3023255813953489
(39, 114)	 0.17500000000000002
(39, 116, 120)	 0.198019801980198
(6, 11, 29, 45, 46)	 0.17777777777777778
(1, 13, 35)	 0.18618618618618618
(93, 94)	 0.37681159420289856
(10, 11)	 0.20809248554913298
(11, 34, 35)	 0.4363636363636364
(67, 83)	 0.1764705882352941
(69, 70, 71)	 0.47933884297520657
(14, 26, 28, 44)	 0.23045267489711935
(1, 18, 26)	 0.3475409836065574
(84, 87, 89)	 0.3573200992555831
(1, 5, 23, 45)	 0.2628571428571429
(37, 42, 66)	 0.29721362229102166
(1, 2, 50, 51)	 0.48163265306122444
(9, 110)	 0.32941176470588235
(137, 141)	 0.17197452229299365
(45, 49, 55)	 0.20216606498194944
(67, 70, 71)	 0.533653846153846
(1, 2, 4, 5)	 0.31531531531531537
(5, 19, 20, 40)	 0.2631578947368421
(72, 113, 114)	 0.24708624708624705
(27, 32, 67)	 0.24954128440366974
(43, 49, 107)	 0.326530612244898
(40, 59, 101)	 0.20886075949367086
(1, 2, 4, 20, 34)	 0.2811791383219954
(66, 153)	 0.14308426073131955
(1, 39, 41, 46)	 0.4583333333333333
(1, 8, 10, 15)	 0.38317757009345793
(10, 16, 18)	 0.2530612244897959
(6, 117)	 0.2294372294372294
(82, 84, 85)	 0.3975409836065574
(17, 49, 50, 60)	 0.4438356164383562
(1, 50, 51, 54)	 0.39662447257383965
(33, 35, 36, 37)	 0.46315789473684216
(4, 9, 10)	 0.25
(58, 59, 69)	 0.5326633165829145
(1, 14, 29, 39)	 0.41520467836257313
(18, 26, 129)	 0.22080679405520173
(82, 85)	 0.23298429319371725
(1, 50, 65)	 0.2272727272727273
(8, 19, 23, 45)	 0.4056795131845842
(4, 88, 110)	 0.2837528604118993
(17, 21, 53)	 0.3344594594594595
(98, 124)	 0.21141649048625794
(31, 38, 110)	 0.30017452006980805
(42, 73, 96)	 0.30978260869565216
(32,)	 0.48083623693379784
(53, 57, 93)	 0.4549180327868852
(46, 75, 76)	 0.4077669902912622
(61, 62, 64)	 0.3722084367245657
(1, 3, 26, 40)	 0.22818791946308722
(12, 53, 91)	 0.22417582417582416
(29, 32, 71, 72)	 0.5538020086083214
(1, 2, 8, 12, 30)	 0.40167364016736407
(38, 39, 102)	 0.2857142857142857
(13, 39, 66)	 0.3264094955489614
(3, 5, 72)	 0.34430379746835443
(87, 91, 92)	 0.3584415584415584
(40, 42, 54)	 0.28477905073649756
(41, 86, 104)	 0.18798955613577023
(80, 81, 82)	 0.2717622080679406
(17, 46, 89)	 0.3885714285714286
(66, 76, 101)	 0.44554455445544555
(1, 4, 14, 17, 31)	 0.3458646616541354
(29, 30, 63)	 0.4240687679083095
(58, 84)	 0.13825983313468415
(22, 132)	 0.11441647597254004
(13, 18, 22, 30, 31)	 0.4915254237288136
(58, 77, 109)	 0.2311557788944724
(47, 97, 104)	 0.1306532663316583
(5, 7)	 0.33333333333333337
(63, 65, 108)	 0.6284584980237155
(94, 96)	 0.24489795918367346
(1, 4, 11, 14)	 0.18362282878411912
(39, 47, 62)	 0.3274336283185841
(69, 97, 101)	 0.42216358839050133
(11, 71)	 0.17005545286506468
(89, 97, 100)	 0.1400709219858156
(82, 88, 92)	 0.4770114942528736
(65, 68, 83)	 0.32984293193717273
(72, 73, 104)	 0.22477064220183487
(54, 72, 74)	 0.36416184971098264
(3, 24, 26)	 0.17695473251028807
(10, 15, 26, 33)	 0.5053380782918151
(2, 84)	 0.13452914798206278
(21, 28, 35, 36)	 0.4418604651162791
(9, 38, 39, 41)	 0.3836734693877551
(71, 106)	 0.20865139949109415
(30, 32, 63)	 0.3005464480874317
(23, 29, 34, 36)	 0.3650793650793651
(1, 88, 94)	 0.33066666666666666
(19, 24, 42, 43)	 0.4122137404580153
(75, 115)	 0.10750695088044486
(1, 25, 47)	 0.20328542094455854
(41, 45, 61, 64)	 0.3536977491961415
(44, 58, 59)	 0.3418803418803419
(48, 49, 70, 71)	 0.4352331606217616
(48, 109)	 0.1851851851851852
(52, 91, 92)	 0.4606299212598425
(11, 19, 26, 34)	 0.35682819383259917
(42, 43)	 0.568561872909699
(1, 34, 72)	 0.2779661016949152
(2, 5, 30, 31)	 0.28260869565217395
(3, 10, 29)	 0.358974358974359
(3, 71, 84)	 0.4013961605584642
(54, 80, 117)	 0.3516483516483517
(44, 105, 122)	 0.3672566371681416
(10, 23, 32, 35, 38)	 0.3167155425219942
(2, 61, 74)	 0.4607329842931937
(1, 13, 22, 23)	 0.29508196721311475
(19, 65, 68)	 0.49363867684478374
(1, 11, 21)	 0.2461538461538462
(27, 29, 46)	 0.31333333333333335
(8, 56, 96)	 0.28421052631578947
(12, 29, 30, 32)	 0.553956834532374
(101, 102, 120)	 0.5119047619047619
(30, 49, 79)	 0.20697954271961488
(1, 6, 15, 16)	 0.44966442953020136
(1, 2, 47)	 0.20083682008368203
(93, 102, 105)	 0.3172413793103448
(130, 131, 134)	 0.2183406113537118
(68, 70, 73, 74)	 0.4496124031007752
(21, 37, 42)	 0.39577836411609496
(77, 104, 105)	 0.3069306930693069
(8, 62, 67)	 0.1380670611439842
(27, 105, 106)	 0.28484848484848485
(67, 68, 76)	 0.3045977011494253
(72, 98, 105)	 0.14042553191489363
(1, 24, 45)	 0.30000000000000004
(5, 81)	 0.103397341211226
(13, 22, 48, 50)	 0.22857142857142856
(1, 28, 36)	 0.5170068027210883
(74, 106)	 0.2088607594936709
(1, 48, 87)	 0.2827586206896552
(1, 8, 44)	 0.33436532507739936
(44, 67)	 0.16091954022988506
(93, 96)	 0.3488372093023256
(30, 36, 90)	 0.2307692307692308
(57, 91, 98)	 0.1698956780923994
(9, 11, 18, 40, 41)	 0.45569620253164556
(50, 98)	 0.22891566265060243
(1, 2, 28, 48)	 0.4634146341463415
(69, 105)	 0.21885521885521886
(13, 15, 22, 23, 29)	 0.35
(77, 79, 92)	 0.2723880597014926
(4, 17, 27)	 0.32227488151658773
(34, 40, 70)	 0.2401263823064771
(68, 69, 74)	 0.38954869358669836
(1, 3, 43)	 0.5947712418300652
(53, 56, 110)	 0.2995391705069124
(1, 28, 34, 54)	 0.41176470588235287
(49, 54, 55)	 0.21305841924398625
(8, 30, 36)	 0.24745762711864405
(3, 4, 92)	 0.35443037974683544
(14, 27, 31)	 0.18430034129692832
(1, 55, 75)	 0.26428571428571435
(20, 28, 45, 49)	 0.2716857610474632
(8, 75)	 0.05755395683453238
(5, 26, 65)	 0.3682310469314079
(99, 104)	 0.08829174664107485
(33, 78, 80)	 0.29078014184397166
(2, 74, 75)	 0.3184357541899442
(48, 110)	 0.17176128093158663
(1, 12)	 0.15008726003490402
(2, 15, 39, 40, 43)	 0.3556851311953353
(15, 25, 50)	 0.2761061946902655
(9, 19, 55)	 0.30010952902519167
(18, 58, 99)	 0.26875
(58, 76, 98)	 0.24856596558317404
(4, 16, 36, 37, 39)	 0.271062271062271
(2, 28, 30, 32)	 0.4296675191815857
(1, 77, 79)	 0.31804281345565744
(60, 61)	 0.19953596287703018
(1, 35, 61)	 0.3076923076923077
(2, 40, 72)	 0.3183183183183183
(2, 8, 17, 39)	 0.257372654155496
(5, 88)	 0.09233610341643582
(5, 36, 63)	 0.29525483304042177
(48, 73)	 0.13761467889908255
(21, 31, 33)	 0.3087971274685817
(13, 50, 51)	 0.2865947611710324
(25, 60, 82)	 0.2631578947368421
(75, 95)	 0.4049079754601227
(1, 2, 45)	 0.4131147540983606
(75, 82, 89)	 0.38167938931297707
(1, 2, 10)	 0.40495867768595045
(3, 10, 75)	 0.20224719101123592
(20, 43, 47)	 0.2850412249705536
(1, 46, 67)	 0.264
(103, 110)	 0.25882352941176473
(1, 16, 40, 42)	 0.42724458204334365
(1, 85)	 0.13745704467353953
(24, 32, 42, 43)	 0.3341645885286783
(4, 32, 81)	 0.31772575250836116
(50, 51)	 0.25230769230769234
(1, 22, 53)	 0.36666666666666664
(77, 80, 86)	 0.3024390243902439
(57, 64, 77)	 0.32413793103448274
(22, 46, 56)	 0.332378223495702
(46, 55)	 0.13136288998357964
(1, 60, 68)	 0.2752808988764045
(28, 83)	 0.21631205673758866
(41, 55, 60)	 0.47093023255813954
(126, 128)	 0.13028169014084506
(43, 48, 64)	 0.39510489510489516
(22, 49, 55)	 0.35714285714285715
(78, 85, 108)	 0.3364928909952607
(12, 83, 96)	 0.23471882640586794
(17, 23, 26, 30)	 0.3660130718954248
(29, 41, 47)	 0.36923076923076925
(1, 2, 19, 24, 25)	 0.3525641025641026
(23, 24, 25, 26)	 0.2695035460992908
(7, 44, 71)	 0.3145695364238411
(93, 110, 111)	 0.35135135135135137
(21, 70)	 0.08118081180811808
(4, 76, 84)	 0.29508196721311475
(3, 7, 27, 29, 30)	 0.48792270531400955
(28, 72, 81)	 0.30470914127423826
(2, 15, 16, 30)	 0.294478527607362
(87, 113)	 0.21052631578947367
(10, 11, 12, 50)	 0.3194444444444445
(11, 16, 80)	 0.13179916317991633
(1, 7, 45, 48)	 0.3111111111111111
(22, 28, 65)	 0.28730822873082285
(2, 9, 90)	 0.17208413001912048
(12, 17, 21, 23)	 0.3254237288135593
(30, 57, 59)	 0.17316017316017315
(1, 64, 65)	 0.3296089385474861
(16, 23, 35, 36)	 0.2644230769230769
(65, 94)	 0.2325581395348837
(63, 81)	 0.08517608517608519
(71, 82)	 0.18348623853211013
(69, 72)	 0.09538950715421303
(69, 70, 94)	 0.18508997429305912
(95, 101, 105)	 0.42424242424242425
(65, 70, 71)	 0.4265232974910395
(115, 124)	 0.20454545454545456
(14, 29, 37, 38)	 0.32558139534883723
(18, 94)	 0.12297734627831716
(34, 44, 57)	 0.2931034482758621
(83, 122)	 0.1150251617541337
(13, 14, 18, 51)	 0.12878787878787878
(1, 3, 14, 20, 22)	 0.5082508250825083
(55, 62, 66)	 0.23170731707317074
(23, 31, 42)	 0.2162162162162162
(28, 29, 34)	 0.33593750000000006
(7, 105, 106)	 0.26356589147286824
(117, 123, 132)	 0.22784810126582278
(1, 42, 52)	 0.27225130890052357
(39, 43, 67)	 0.17576564580559254
(5, 7, 12, 34, 45)	 0.30563002680965146
(22, 27, 37)	 0.32748538011695905
(60, 61, 66)	 0.37398373983739835
(20, 73, 76)	 0.2935323383084577
(54, 100, 101)	 0.3505747126436782
(52, 54, 112)	 0.1528776978417266
(68, 93, 100)	 0.3696027633851468
(53, 79, 81)	 0.28959276018099545
(11, 31, 79)	 0.21903052064631956
(9, 51, 55, 56)	 0.20071684587813618
(75, 78, 80)	 0.2608695652173913
(73, 77, 95)	 0.39238653001464124
(39, 49, 50)	 0.3421052631578947
(1, 13, 18, 19, 24)	 0.40396039603960393
(10, 11, 39, 59)	 0.2659279778393352
(1, 6, 20, 49)	 0.1313868613138686
(16, 55, 57)	 0.23935091277890463
(126, 137)	 0.1864406779661017
(47, 76)	 0.14523449319213314
(6, 30, 31)	 0.17548387096774193
(10, 33, 54)	 0.4010282776349614
(1, 3, 60)	 0.33720930232558144
(63, 95, 96)	 0.28288543140028294
(37, 64)	 0.19915254237288135
(87, 110)	 0.11764705882352942
(9, 96, 98)	 0.26141078838174275
(85, 97)	 0.10575139146567716
(60, 80, 82)	 0.24289405684754525
(41, 42, 55)	 0.375
(14, 53, 81)	 0.4591836734693878
(61, 73, 90)	 0.3614457831325301
(9, 15, 28, 29, 31)	 0.28169014084507044
(43, 80, 81)	 0.3594080338266385
(86, 87, 91)	 0.23448275862068968
(19, 20, 63)	 0.2784810126582279
(1, 47, 52)	 0.3804347826086956
(16, 29, 74)	 0.18587360594795538
(6, 49, 68)	 0.3287037037037037
(1, 2, 4, 43)	 0.2866043613707165
(4, 5, 8, 37)	 0.3411513859275053
(99, 117)	 0.1501251042535446
(111, 119)	 0.1834061135371179
(14, 15, 47, 48)	 0.4032258064516129
(86, 90, 103)	 0.28795811518324604
(26, 49, 53)	 0.326530612244898
(31, 58, 111)	 0.24726134585289516
(18, 48, 58)	 0.3234042553191489
(21, 56, 85)	 0.22683706070287538
(1, 5, 7, 31, 32)	 0.31921824104234525
(62, 69, 74)	 0.2228571428571428
(21, 82)	 0.1320949432404541
(51, 60, 71)	 0.2647412755716005
(7, 18, 58)	 0.25542168674698795
(40, 43, 45)	 0.3005780346820809
(1, 4, 39)	 0.3406940063091482
(1, 54, 76)	 0.3614457831325301
(1, 5, 11, 42)	 0.19913419913419914
(25, 41, 52)	 0.33882352941176475
(61, 77)	 0.13090909090909092
(1, 87, 88)	 0.29936305732484075
(21, 34, 35)	 0.2861842105263158
(36, 89, 93)	 0.3142437591776798
(105, 114)	 0.11414982164090369
(2, 3, 45)	 0.1764705882352941
(16, 98, 99)	 0.11087420042643925
(97, 99)	 0.19798657718120807
(1, 7, 14, 23, 27)	 0.17508417508417506
(71, 89, 90)	 0.18965517241379312
(14, 16, 23, 26)	 0.3695150115473441
(6, 7, 15, 34, 35)	 0.3162055335968379
(46, 87)	 0.1729106628242075
(27, 44, 56)	 0.27319587628865977
(43, 67, 72)	 0.24999999999999997
(28, 47, 48, 52)	 0.25
(0, 9, 11, 12)	 0.27710843373493976
(13, 15, 34, 40)	 0.27301587301587305
(79, 82)	 0.1327683615819209
(69, 70)	 0.14519427402862986
(34, 67, 83)	 0.2132564841498559
(13, 14, 15, 20, 22)	 0.40458015267175573
(76, 81, 88)	 0.22565687789799074
(18, 63, 64)	 0.22155688622754494
(14, 51, 80)	 0.3119266055045872
(1, 16, 82)	 0.2708803611738149
(1, 88, 96)	 0.2551594746716698
(14, 54, 77)	 0.23398328690807801
(2, 5, 30, 32)	 0.39312039312039315
(1, 57, 61)	 0.12682926829268293
(1, 86, 87)	 0.29629629629629634
(89, 104)	 0.10995260663507109
(39, 42, 44)	 0.2543352601156069
(46, 112)	 0.06666666666666667
(41, 92)	 0.13096200485044465
(1, 50, 83)	 0.41402337228714525
(41, 61)	 0.07933579335793359
(34, 58)	 0.16314199395770393
(1, 5, 18, 30, 41)	 0.1748071979434447
(26, 38, 49)	 0.3724489795918367
(22, 125)	 0.20175438596491227
(18, 23, 31)	 0.30316742081447967
(101, 107)	 0.1338289962825279
(11, 14, 68)	 0.3032258064516129
(6, 13, 15)	 0.4242424242424242
(33, 44, 45, 46)	 0.36
(30, 31, 32, 37)	 0.3663003663003662
(69, 95, 97)	 0.34653465346534656
(59, 89)	 0.1545778834720571
(17, 47, 70)	 0.40225563909774437
(92, 93, 101)	 0.3703703703703704
(3, 4)	 0.13317757009345793
(124, 128)	 0.24615384615384617
(63, 74, 114)	 0.15468409586056645
(45, 69, 70, 76)	 0.4814814814814815
(8, 29, 35)	 0.12629896083133493
(38, 70, 102)	 0.2926829268292683
(46, 111)	 0.17337461300309598
(90, 123)	 0.1553556827473426
(38, 66)	 0.17259978425026967
(34, 129)	 0.27710843373493976
(1, 15, 26)	 0.4407484407484408
(41, 58, 70)	 0.24923076923076923
(66, 107)	 0.08284023668639053
(49, 50)	 0.3347107438016529
(37, 53)	 0.18247298919567828
(37, 52, 53)	 0.34032634032634035
(48, 51, 67)	 0.38388625592417064
(8, 27, 59)	 0.3062730627306273
(27, 38, 53)	 0.2701688555347092
(38, 42, 50)	 0.3293556085918854
(16, 19, 63)	 0.364179104477612
(1, 38, 45, 49)	 0.32599118942731276
(2, 76, 103)	 0.22159887798036465
(3, 11, 73)	 0.3742331288343558
(7, 60, 75)	 0.3522388059701492
(35, 36, 56)	 0.3616557734204793
(50, 52, 110)	 0.22157434402332365
(41, 69, 73)	 0.18532818532818535
(59, 79, 89)	 0.3804347826086956
(3, 36, 42)	 0.25831702544031315
(32, 51, 52)	 0.30769230769230765
(59, 76)	 0.24168126094570927
(88, 126)	 0.18518518518518517
(3, 20, 27, 29, 30)	 0.2690909090909091
(31, 35, 38)	 0.2821917808219178
(40, 79, 80)	 0.23225806451612904
(1, 13, 29)	 0.22705314009661837
(1, 70, 79)	 0.2245250431778929
(81, 90, 93)	 0.23873873873873877
(1, 20, 43, 44)	 0.38482384823848237
(4, 57, 111)	 0.17452830188679244
(10, 37, 50)	 0.3370370370370371
(1, 15, 48, 52)	 0.24025974025974026
(61, 80, 81)	 0.35036496350364965
(12, 16, 29)	 0.32741617357001973
(2, 4, 7, 19, 24)	 0.23333333333333334
(49, 114)	 0.1083743842364532
(20, 80, 81)	 0.27507163323782235
(31, 32, 37, 59)	 0.41666666666666663
(1, 35, 36, 42, 45)	 0.498220640569395
(46, 68, 69)	 0.24050632911392408
(2, 26, 40)	 0.2204724409448819
(11, 12, 77)	 0.28034188034188035
(1, 18, 45, 49)	 0.2520107238605898
(9, 71)	 0.15693430656934307
(16, 100)	 0.15129151291512916
(8, 11, 43, 46)	 0.2356687898089172
(1, 14, 17, 22, 23)	 0.2962962962962963
(76, 118)	 0.10156971375807941
(2, 10, 47)	 0.271356783919598
(23, 25, 26, 30)	 0.18543046357615892
(106, 113)	 0.18556701030927836
(18, 37, 40, 42)	 0.309433962264151
(22, 32, 81)	 0.30092592592592593
(87, 103)	 0.10619469026548674
(27, 43, 73)	 0.2864864864864865
(18, 22, 25, 33)	 0.27848101265822783
(17, 23, 33)	 0.3037974683544304
(21, 78)	 0.1373534338358459
(65, 86, 106)	 0.27439024390243905
(56, 87)	 0.1657608695652174
(2, 41, 83)	 0.37014925373134333
(74, 99)	 0.2358346094946401
(50, 87, 89)	 0.12728857890148212
(24, 26, 31, 57)	 0.32935560859188545
(30, 31, 39)	 0.21119592875318066
(24, 31, 36)	 0.36813186813186816
(2, 5, 7, 13, 41)	 0.32727272727272727
(71, 75, 76)	 0.27631578947368424
(1, 28, 33)	 0.20993589743589744
(2, 73, 80)	 0.3059490084985836
(41, 83, 111)	 0.2605210420841683
(16, 111, 113)	 0.35342465753424657
(2, 12, 17, 24, 25)	 0.28921568627450983
(29, 45, 69)	 0.3010752688172043
(74, 141)	 0.09075043630017453
(20, 41, 48, 49)	 0.2934131736526946
(42, 64, 80)	 0.18615209988649264
(2, 13, 45)	 0.27
(45, 59)	 0.12004069175991862
(1, 27, 36, 47)	 0.4021164021164021
(1, 25, 50, 52)	 0.5943152454780362
(42, 45, 70)	 0.42105263157894735
(1, 3, 11, 14)	 0.28852459016393445
(1, 45, 69)	 0.20463847203274216
(19, 35, 36)	 0.2099447513812155
(60, 85)	 0.18543046357615894
(1, 73, 85)	 0.12755519215044972
(50, 103, 107)	 0.23809523809523808
(1, 2, 25, 30, 31)	 0.3317073170731707
(1, 3, 68)	 0.2756598240469208
(10, 55, 65)	 0.1952662721893491
(1, 32, 35, 44)	 0.4444444444444445
(63, 134)	 0.16666666666666663
(55, 106)	 0.3138461538461539
(36, 94)	 0.3076923076923077
(66, 73, 74)	 0.3867924528301887
(8, 15, 19, 20, 22)	 0.42990654205607476
(12, 83, 87)	 0.39610389610389607
(62, 64, 68)	 0.35537190082644626
(5, 64, 66)	 0.38248847926267276
(28, 72, 91)	 0.11330935251798561
(67, 88, 94)	 0.24530663329161448
(28, 29, 56)	 0.40625
(15, 29, 31, 45)	 0.33548387096774196
(35, 68)	 0.12004530011325028
(1, 62, 97)	 0.2919254658385093
(30, 103)	 0.2716049382716049
(30, 35)	 0.19160104986876642
(32, 40, 67)	 0.34594594594594597
(1, 13, 14, 29)	 0.22127659574468084
(3, 4, 120)	 0.3378016085790885
(27, 42, 48)	 0.17813765182186234
(27, 107)	 0.14285714285714285
(28, 29, 73)	 0.1863517060367454
(35, 72, 108)	 0.21954887218045113
(36, 66, 97)	 0.12863070539419086
(30, 124)	 0.22950819672131142
(33, 55, 58)	 0.28571428571428575
(45, 93)	 0.1573373676248109
(41, 68, 93)	 0.38821954484605087
(1, 61, 69, 75)	 0.34285714285714286
(115, 117, 136)	 0.48661800486618
(1, 55, 56, 58)	 0.37209302325581395
(5, 118)	 0.11673151750972763
(47, 50, 62)	 0.2878787878787879
(69, 83, 96)	 0.37474541751527496
(76, 97, 98)	 0.262962962962963
(30, 60, 82)	 0.3230769230769231
(16, 31, 52)	 0.22058823529411767
(1, 41, 48, 49)	 0.27419354838709675
(27, 28, 36)	 0.49484536082474223
(37, 70)	 0.17798594847775176
(34, 98)	 0.1062618595825427
(89, 109)	 0.12990936555891242
(65, 91)	 0.13580246913580246
(30, 31, 33, 37)	 0.34536082474226804
(1, 119)	 0.29545454545454547
(23, 88)	 0.14175257731958762
(20, 32, 68)	 0.30155979202772965
(91, 92)	 0.2506024096385542
(67, 72, 79)	 0.29301075268817206
(34, 75, 79)	 0.41150442477876104
(40, 98)	 0.19534883720930235
(12, 52, 63)	 0.24454148471615722
(5, 8, 58)	 0.3182640144665461
(1, 63, 64)	 0.48
(2, 79, 83)	 0.2576419213973799
(22, 38, 75)	 0.346793349168646
(5, 52, 53)	 0.20448877805486285
(1, 35, 47, 53, 60)	 0.3058823529411765
(58, 80, 88)	 0.41958041958041953
(20, 102)	 0.15356489945155394
(58, 96, 125)	 0.33747779751332146
(2, 40, 46, 50)	 0.3489583333333333
(42, 45, 46, 54)	 0.49256900212314225
(47, 69, 90)	 0.3098106712564544
(30, 32, 88)	 0.2342857142857143
(6, 30, 35, 36)	 0.36301369863013705
(42, 43, 63)	 0.34337349397590367
(1, 2, 70)	 0.39436619718309857
(91, 93, 98)	 0.3987635239567233
(18, 36, 38, 39)	 0.22429906542056074
(40, 87, 98)	 0.3002028397565923
(12, 14, 34, 35)	 0.29705882352941176
(4, 8, 9, 25, 30)	 0.4122137404580153
(1, 7, 9, 43)	 0.33333333333333337
(72, 76, 82)	 0.22056074766355138
