(3, 7, 13, 17, 29)	 0.2717086834733894
(9, 18, 26, 33)	 0.3556701030927835
(13, 24, 29, 31, 35)	 0.4611260053619303
(4, 18, 21, 27, 28)	 0.35294117647058826
(1,)	 0.10126582278481013
(2, 5, 9, 11, 25)	 0.27044025157232704
(2, 13, 19)	 0.2204246713852376
(3, 9, 14, 16, 18)	 0.30117647058823527
(2, 12, 25, 27, 28)	 0.28421052631578947
(7, 9, 10, 13, 14)	 0.2471042471042471
(1, 9, 14, 16, 17)	 0.1937984496124031
(0, 14, 16, 24, 25)	 0.18709677419354837
(2, 5, 6, 10, 11)	 0.32091690544412604
(1, 2, 12, 21, 44)	 0.31111111111111106
(1, 5)	 0.10434782608695653
(1, 3, 6, 18, 21)	 0.25501432664756446
(25, 27, 28, 38)	 0.2936802973977695
(1, 3, 6, 8)	 0.3130990415335463
(41, 45, 47, 53, 56)	 0.2503725782414307
(6, 12, 14, 18, 21)	 0.2976190476190476
(8, 11, 18, 20, 24)	 0.20658342792281498
(21, 29, 40)	 0.24126268320180383
(0, 3, 13, 14, 16)	 0.20800000000000002
(46, 57, 59)	 0.27471116816431324
(9, 17, 21, 24, 31)	 0.2748091603053435
(1, 7, 18, 20, 25)	 0.31875
(1, 14, 15, 19, 20)	 0.2282608695652174
(5, 11, 13, 24)	 0.2558139534883721
(15, 17, 19, 20, 23)	 0.34012219959266804
(0, 3, 6)	 0.12560386473429955
(1, 3, 5, 9, 11)	 0.28436018957345977
(6, 12, 16, 18, 25)	 0.28242074927953886
None	 0
(0, 6, 29, 43)	 0.23122765196662692
(0, 3, 27, 28, 30)	 0.19954648526077098
(4,)	 0.14035087719298245
(1, 8, 12, 20, 25)	 0.403470715835141
(3, 4, 35)	 0.3111739745403112
(0, 20, 22, 27, 29)	 0.2349726775956284
(6, 10, 23, 29, 33)	 0.28767123287671237
(2, 9, 19, 29, 33)	 0.19687875150060025
(4, 5, 13)	 0.37668161434977576
(13, 16, 19, 20, 21)	 0.32575757575757575
(6, 8, 9, 15, 19)	 0.19810040705563095
(8, 9, 11)	 0.32432432432432434
(48, 61, 63)	 0.216796875
(3, 5)	 0.19607843137254902
(30, 31, 35, 41, 46)	 0.41495327102803736
(4, 7, 8, 11, 15)	 0.15625
(1, 7, 8, 11)	 0.175
(8, 21, 29, 33)	 0.25379609544468545
(18, 21, 22, 23, 25)	 0.21809744779582368
(2, 4, 11)	 0.17575757575757578
(2, 3, 4, 5, 16)	 0.3615494978479196
(1, 5, 13)	 0.15384615384615385
(1, 4, 16, 19, 22)	 0.26470588235294124
(3, 30, 32, 36, 41)	 0.23214285714285715
(4, 9, 11)	 0.32409381663113007
(1, 3, 4, 6, 15)	 0.2822719449225473
(1, 4, 8, 11)	 0.14012738853503184
None	 0
(3, 14, 15, 20)	 0.31263383297644537
(8, 10, 12)	 0.2987341772151899
(6, 10, 14, 18, 20)	 0.3714285714285715
(11, 76, 99)	 0.13333333333333333
(3, 6)	 0.03208556149732621
(1, 13, 15)	 0.13445378151260506
(1, 11, 13)	 0.21495327102803738
(6, 10, 12)	 0.4444444444444444
(4, 6, 83)	 0.14204545454545456
None	 0
(1, 3)	 0.17721518987341775
(1, 2, 12, 32)	 0.2136279926335175
(14, 18, 23, 24, 27)	 0.31365313653136534
(4, 5, 6)	 0.2187004754358162
(11, 15, 17, 24, 26)	 0.336
(4, 8)	 0.1891891891891892
None	 0
(5, 7, 9, 10, 11)	 0.5477178423236515
(1, 2, 12, 13)	 0.21245421245421248
(6,)	 0.18421052631578946
(32, 52, 68)	 0.16279069767441862
(1, 4, 8, 9, 18)	 0.21505376344086022
(8, 38, 52)	 0.2329192546583851
(1, 2, 4, 22, 26)	 0.21439509954058192
(1, 2, 4, 8, 13)	 0.22751322751322753
(4, 6, 30)	 0.1891348088531187
(1, 5, 6, 9)	 0.19444444444444445
None	 0
(2, 5, 11)	 0.44791666666666663
(7,)	 0.4390243902439025
(4, 15, 16, 19, 21)	 0.33858267716535434
(8, 14, 81)	 0.14669051878354206
(2, 6, 10)	 0.2660098522167488
(1, 16, 19, 26)	 0.5859697386519944
(6, 7, 11, 13, 14)	 0.2156521739130435
(2, 15, 16, 18)	 0.33774834437086093
(1, 42, 46, 48)	 0.171180931744312
(8, 31, 32, 33)	 0.35487661574618096
(6,)	 0.21621621621621617
(1, 16, 82)	 0.10096510764662213
(4, 8, 11)	 0.3262839879154079
(4, 14, 19, 21, 24)	 0.20046082949308755
(4, 6, 28, 34, 40)	 0.2020497803806735
(1, 3, 8, 15, 16)	 0.19145802650957292
(79, 82, 112)	 0.2001668056713928
(8, 12, 13, 44)	 0.19289340101522842
(5, 6, 8, 16)	 0.21022727272727273
(2, 8, 20, 22, 32)	 0.28365384615384615
(3, 13)	 0.149812734082397
(3, 6, 8, 14, 20)	 0.3711340206185567
(6, 8, 18, 23, 27)	 0.354978354978355
None	 0
(7, 8, 9)	 0.3081570996978852
(4, 9, 10, 15, 21)	 0.21841541755888652
(9, 10, 15, 17)	 0.28969359331476324
(28, 31, 33, 35, 37)	 0.29739776951672864
(2, 4)	 0.03333333333333333
(7, 12, 13, 17, 21)	 0.29722921914357686
(5, 60, 65, 70)	 0.21296296296296297
(25, 41, 43, 51)	 0.22584400465657745
(1,)	 0.14285714285714285
(6, 10, 11)	 0.0879120879120879
(25, 27, 51)	 0.1565703634669152
(0, 2, 15, 16)	 0.11641443538998836
None	 0
(3, 6, 9, 10)	 0.1422594142259414
(8, 9, 10, 13, 16)	 0.2890995260663507
(1, 2, 16, 49)	 0.13798977853492334
(11, 18, 20)	 0.2828282828282829
(5, 6, 12, 33)	 0.21879815100154085
(2, 3, 15, 16, 17)	 0.2450592885375494
(11, 16, 47, 48, 50)	 0.18311874105865525
(0, 15, 18, 20, 22)	 0.2526690391459075
(1, 6, 10, 11, 13)	 0.21253405994550406
(0, 1, 3, 8, 11)	 0.200836820083682
(45, 48, 64)	 0.1500513874614594
(2, 5, 8, 10, 14)	 0.24448897795591182
(2, 4, 6, 7, 8)	 0.23372781065088757
(4, 14, 22, 27, 30)	 0.22127659574468087
(2, 6, 23, 25)	 0.20202020202020202
(0, 1, 2, 7)	 0.32815964523281593
(6, 8, 17, 18, 20)	 0.34104046242774566
(8, 12, 14, 16, 17)	 0.19480519480519481
(25, 26, 29, 35)	 0.26829268292682923
(5, 6, 8)	 0.23529411764705882
(1, 5, 6, 16, 18)	 0.2945736434108527
(19, 23, 24)	 0.15873015873015872
(2, 7, 23, 26, 29)	 0.28235294117647064
(14,)	 0.3106796116504854
(2, 4, 9)	 0.3627450980392156
(17, 48, 67)	 0.1448382126348228
(8, 11, 28, 37, 38)	 0.24395604395604392
(6, 16, 19, 31, 33)	 0.2776859504132232
(1, 7, 11, 13)	 0.2052980132450331
(0, 1, 4, 7, 13)	 0.31319910514541394
(4, 15, 19)	 0.16618911174785103
(3, 7, 13, 14, 15)	 0.14960629921259844
(4, 7, 9, 14)	 0.16628175519630486
(4, 6, 8)	 0.4301075268817205
(11, 21, 46)	 0.22287968441814596
(3, 7, 11, 18)	 0.21333333333333335
(1, 3, 5)	 0.24043715846994534
(12, 16, 17, 32)	 0.3066202090592335
(7, 9)	 0.2262443438914027
(3, 5, 8, 11, 26)	 0.2475512021371327
(4, 38, 59)	 0.1425287356321839
(2, 4, 7, 10, 13)	 0.23100303951367782
(0, 6, 8, 20, 24)	 0.24074074074074076
(54, 55, 60)	 0.22011834319526627
(7, 23, 38, 52)	 0.1558872305140962
(30, 31, 32, 44)	 0.2603305785123967
(5, 6, 8, 12, 30)	 0.22411953041622196
(1, 30, 38, 39, 42)	 0.23593964334705075
(3, 7, 9, 18, 23)	 0.27202472952086554
(4, 6, 12, 13, 24)	 0.3282051282051282
(12, 13, 14, 15, 24)	 0.2562814070351758
(7, 11, 15, 17)	 0.3326403326403326
(5, 8, 14, 18, 25)	 0.2969325153374233
(3, 15, 16, 19, 21)	 0.2105263157894737
(4, 7)	 0.1257142857142857
(6, 7)	 0.39705882352941174
(1, 11, 17, 22, 24)	 0.26984126984126977
(3, 7, 9, 10)	 0.22972972972972974
None	 0
(8, 9, 25, 27, 30)	 0.18691588785046728
(1, 11, 14, 32)	 0.21512605042016808
(4, 15, 31)	 0.16666666666666669
(9, 13, 14)	 0.28242074927953886
(75, 76, 78)	 0.36026936026936035
(13, 14, 19, 20, 23)	 0.2252559726962457
(1, 7, 10, 14, 16)	 0.2567811934900543
(4, 7, 8, 18, 28)	 0.2602739726027397
(1, 7, 14, 24, 31)	 0.3092436974789916
(21, 37, 75)	 0.16883116883116886
(3, 5, 7, 12, 13)	 0.27668539325842695
(1, 11, 12, 22, 31)	 0.35
(4, 7, 13, 34, 36)	 0.26332288401253917
(2, 11, 12, 14, 24)	 0.2894168466522678
(12, 13, 49, 55)	 0.17787418655097614
(6, 9, 11, 15, 19)	 0.34579439252336447
(5, 6, 21, 22, 23)	 0.2964426877470356
(8, 11, 17, 20, 21)	 0.26
(81, 86, 99)	 0.11221719457013575
(1, 3)	 0.2116788321167883
(3, 11, 62)	 0.15839243498817968
(62, 63, 71)	 0.1972187104930468
(4, 7, 8, 10, 11)	 0.28169014084507044
(4, 26, 35)	 0.19134396355353075
(17, 19, 21, 23)	 0.4644549763033175
(16, 53, 54, 59)	 0.2580645161290323
(0, 8, 12, 25)	 0.24839948783610755
(9, 13, 14, 18, 26)	 0.22767075306479861
(8, 10, 11)	 0.36486486486486486
(5, 16, 20, 25, 32)	 0.28571428571428575
(7, 34, 54)	 0.23778071334214002
(5, 6, 9, 14, 15)	 0.20786516853932585
(10, 11, 13, 17, 18)	 0.23595505617977525
(14, 18, 23, 30)	 0.24687499999999998
(11, 15, 17, 20, 22)	 0.2511773940345369
(6, 7, 18, 20, 22)	 0.2693531283138918
(20, 24, 26, 48)	 0.20793433652530782
(2, 16, 21, 26, 28)	 0.2330708661417323
(4, 13, 21, 23, 24)	 0.21892393320964754
(7, 15, 17, 22, 27)	 0.27314814814814814
(4, 7, 8, 9, 19)	 0.27014218009478674
(3, 6, 7)	 0.14
(6, 20, 36, 39)	 0.2355212355212355
(1, 9, 10, 12, 18)	 0.2417582417582418
(5, 10, 13, 21, 27)	 0.21443736730360935
(2, 3, 7, 11, 17)	 0.33540372670807456
(2, 5, 12, 17, 18)	 0.25621414913957935
(5, 22, 79)	 0.2105263157894737
(1, 9)	 0.224390243902439
(1, 2, 4, 7, 10)	 0.20304568527918784
(2, 5, 6)	 0.35356200527704484
(17, 24, 25)	 0.3080684596577017
(1, 51, 124)	 0.1705150976909414
(7, 8, 10, 13, 14)	 0.2698412698412699
(4, 6, 11, 12, 14)	 0.20276497695852533
(15, 18, 27, 35)	 0.2288261515601783
(23, 37, 47, 50)	 0.19047619047619047
(9, 11, 12, 15, 20)	 0.28399518652226236
(6, 11, 12, 17, 23)	 0.28239845261121854
(1, 16, 74)	 0.17163289630512518
(9, 11, 12)	 0.22842639593908629
(4, 12, 13, 17)	 0.19813519813519812
(16, 18, 20, 23, 25)	 0.3859060402684563
(4, 7, 58, 64)	 0.2804123711340206
(8, 9)	 0.28048780487804875
(2, 4, 8)	 0.28440366972477066
(5, 6, 11, 22, 25)	 0.2606516290726817
(46, 47, 60)	 0.18621973929236502
(11, 24, 30, 36)	 0.2097902097902098
(13, 34, 36, 38)	 0.26449275362318836
(1, 10, 11, 15, 17)	 0.3421750663129973
(12, 26, 29, 33, 37)	 0.26595744680851063
(1, 6, 13)	 0.2745098039215686
(44, 51, 56)	 0.1967799642218247
(4, 12, 16, 22, 25)	 0.3355408388520971
(28, 32, 34)	 0.24068767908309457
(1, 6, 7, 8, 18)	 0.20113851992409867
(2, 3, 8, 11)	 0.22485207100591717
(4, 5, 6, 11, 23)	 0.17136150234741787
(5, 6, 10, 18)	 0.2857142857142857
(1, 13, 14, 16, 17)	 0.1372549019607843
(9, 10, 18, 22)	 0.2679558011049724
(6, 14, 21, 28, 31)	 0.30578512396694213
(1, 6, 7, 11, 13)	 0.21138211382113822
(1, 3, 7)	 0.0847457627118644
(2, 15, 17)	 0.24786324786324787
(10, 43, 76)	 0.1722222222222222
(3, 6, 13)	 0.22123893805309733
(17, 30, 44)	 0.2261380323054332
(1, 46, 47, 50)	 0.2076502732240437
(2, 35, 38, 39)	 0.3256704980842912
(1, 3, 9, 11, 12)	 0.22183708838821492
(1, 5, 9, 20)	 0.2188034188034188
(3, 9, 15, 17, 18)	 0.23423423423423423
(1, 3, 4, 16, 21)	 0.24620573355817876
(26, 28, 38, 39)	 0.2242562929061785
(5, 7, 12)	 0.42771084337349397
(1, 39, 41, 47, 50)	 0.20588235294117646
(2, 3, 9, 10)	 0.09424083769633507
(17, 47, 51)	 0.17391304347826086
(4, 6, 9, 10, 16)	 0.2127659574468085
(16, 17, 20, 23, 24)	 0.23728813559322037
(14, 21, 22, 23, 35)	 0.2874251497005988
(13, 20, 41, 42)	 0.24675324675324675
(3, 4, 15, 26, 34)	 0.21288515406162467
(3, 15, 19, 23, 26)	 0.25995807127882603
(1, 25, 31, 35)	 0.3225806451612903
(14, 15, 23, 28, 35)	 0.18660287081339713
(8, 16, 21, 24, 26)	 0.26848249027237353
(1, 5, 8, 20, 22)	 0.32098765432098764
(13, 20, 32, 34)	 0.23063683304647162
(0, 4, 5, 11, 13)	 0.1803921568627451
(6, 9, 12, 15, 16)	 0.2923497267759563
(1, 3, 9, 10, 12)	 0.17061611374407584
(4, 6, 28, 29, 31)	 0.2177121771217712
(0, 4, 5, 6, 8)	 0.36907730673316713
(1, 3, 4, 38)	 0.25132275132275134
(4, 9, 10, 11, 15)	 0.2356164383561644
(11, 13, 63)	 0.17915904936014623
(5, 6, 7)	 0.10975609756097562
(42, 45, 46)	 0.3178621659634318
(3, 7, 12, 14, 18)	 0.27571115973741794
(0, 1, 3, 6, 13)	 0.21323529411764705
(12, 16, 20, 22, 24)	 0.2477231329690346
(3, 5, 7, 15, 21)	 0.2136498516320475
(1, 5, 10, 13, 27)	 0.11284046692607004
(2, 28, 33, 35)	 0.26309067688378035
(5, 25, 30, 32, 37)	 0.27125506072874495
(11, 15, 16, 19, 20)	 0.26966292134831465
(6, 7, 10, 14)	 0.380952380952381
(15, 29, 93)	 0.0934283452098179
(7, 12, 17, 22, 24)	 0.20398009950248758
(22, 29, 58)	 0.16612729234088458
(12, 13, 17)	 0.25917926565874727
(3, 5, 9, 11)	 0.2775800711743772
(9, 13, 21, 24)	 0.2394678492239468
(1, 6, 9, 19)	 0.21602787456445993
(4, 15, 16, 18, 20)	 0.20377358490566036
(33, 38, 110)	 0.17985611510791366
(2, 4, 7, 13, 20)	 0.2807017543859649
(0, 5, 6, 19, 20)	 0.2891832229580574
(3, 4, 6, 7, 14)	 0.4039087947882735
(0, 11, 70)	 0.1498371335504886
(28, 40, 48)	 0.20921985815602837
(2, 6, 15, 19, 20)	 0.28933092224231466
(1, 62, 67)	 0.1894736842105263
(20, 25, 29, 32, 33)	 0.2263681592039801
(3, 9, 10, 13, 14)	 0.22095238095238093
(11, 12, 16, 21, 23)	 0.2728842832469775
(3, 7)	 0.06666666666666667
(8, 15, 62)	 0.2125984251968504
(0, 3, 8, 15, 16)	 0.29360967184801384
(1, 5, 7, 15, 17)	 0.26007326007326004
(6, 8, 9, 14, 16)	 0.27972027972027974
(2, 9, 22, 23)	 0.21643286573146292
(7, 8, 9, 14, 23)	 0.29596412556053814
(27, 29, 42)	 0.16722408026755856
(5, 7, 8, 11, 18)	 0.3076923076923077
(21, 39, 49, 69)	 0.20947630922693267
(1, 4, 8)	 0.14987080103359174
(3, 57, 95)	 0.12509897070467144
(1, 21, 23, 28, 29)	 0.19224283305227655
(1, 7, 8, 22)	 0.1631205673758865
(26, 27, 30, 35)	 0.21721311475409835
(1, 6, 8, 9, 10)	 0.22096317280453256
(1, 6, 39, 42)	 0.2702702702702703
(1, 9, 14)	 0.24303797468354432
(0, 5, 10, 17, 56)	 0.1275415896487985
None	 0
(1, 4, 6)	 0.32085561497326204
(1, 15, 18, 29)	 0.25992779783393505
(16, 58, 64)	 0.11783189316575021
(1, 2, 7, 12, 13)	 0.2797619047619047
(4, 11, 29, 33, 38)	 0.30684931506849317
(4, 6, 8)	 0.25301204819277107
(3, 4, 15, 17)	 0.18421052631578946
(47, 52, 54)	 0.18612244897959182
(1, 17, 44)	 0.16155988857938716
(15, 16, 17, 20, 30)	 0.245136186770428
(36, 57, 60)	 0.3160377358490566
(1, 25, 26, 29, 62)	 0.32234432234432236
(5, 18, 23)	 0.19460726846424384
(12, 16, 29, 34, 38)	 0.2659758203799655
(45, 58, 61)	 0.1384083044982699
(1, 6, 10, 13, 15)	 0.3459715639810427
(0, 3, 4, 7, 20)	 0.33486238532110096
None	 0
(5, 102, 104)	 0.33513513513513515
(58, 61, 65)	 0.23008849557522126
(20, 22, 25, 30)	 0.342741935483871
(69, 83, 85)	 0.20706163973668465
(3, 83, 95)	 0.18168498168498168
(12, 24, 44, 45)	 0.48031496062992135
(2, 12, 18, 20, 23)	 0.3210412147505423
(3,)	 0.14361702127659576
(1, 4, 8, 10, 14)	 0.4120781527531084
(2, 5, 14, 18, 20)	 0.2557544757033248
(13, 32, 34, 38)	 0.2732394366197183
(7, 11, 16, 35, 36)	 0.24070021881838075
(7, 18, 35)	 0.3020667726550079
(5, 22, 51)	 0.2562277580071174
(4, 48, 49, 53)	 0.21587301587301588
(3, 13, 17, 22, 24)	 0.14893617021276592
(3, 4)	 0.2857142857142857
(19, 27, 52)	 0.2417815482502651
(34, 36, 37)	 0.19741100323624597
(1, 3, 14, 32)	 0.2694736842105263
(4, 13, 20, 23, 25)	 0.35153583617747436
(25, 36, 52)	 0.19109311740890692
(21, 23, 25, 29, 31)	 0.23493975903614456
(35, 40, 41)	 0.3129251700680272
(1, 2, 14, 16, 17)	 0.2061855670103093
(9, 17, 27)	 0.2704149933065596
(1, 24, 99)	 0.17371937639198218
(2, 3, 4, 6)	 0.2156862745098039
(2, 4, 7, 9)	 0.3018867924528302
(6, 12, 13, 17)	 0.3048780487804878
(31, 53, 57)	 0.1694510739856802
(8, 9, 24, 32, 37)	 0.3141891891891892
(1, 6, 12, 21, 23)	 0.2484472049689441
(8, 9, 11, 15, 25)	 0.3283877349159248
(5, 11, 17, 23)	 0.26199261992619927
(32, 34, 91)	 0.13931144915932747
(0, 5, 10)	 0.20967741935483872
(9, 22, 30, 35)	 0.32733812949640284
(2, 5, 9, 16)	 0.23684210526315788
(3, 4, 10, 11)	 0.23248407643312102
(4, 18, 47)	 0.23438836612489308
(7, 17, 24)	 0.19234360410830997
(15, 16, 18, 22)	 0.27729257641921395
(2, 5, 6, 8, 17)	 0.30737704918032793
(4, 13, 17, 23, 34)	 0.28329809725158567
(17, 20, 21)	 0.28782287822878233
(3, 4, 7, 16)	 0.2508474576271187
(1, 5, 8, 12, 15)	 0.24210526315789474
(1, 21, 25)	 0.1805970149253731
None	 0
(2, 6, 14, 18, 24)	 0.34844868735083534
(3, 4, 8)	 0.29896907216494845
(1, 23, 24)	 0.17070063694267518
(1, 4, 7, 10, 14)	 0.3063457330415754
(31, 36, 75)	 0.17330677290836652
(10, 19, 28, 40)	 0.20127388535031848
(11, 12, 13, 16, 22)	 0.27892234548335976
(6, 10, 12, 13, 15)	 0.34265734265734266
(3, 4, 6, 7, 18)	 0.2587601078167116
(19, 21, 22, 26, 27)	 0.3909774436090226
(21, 68, 71)	 0.24879227053140096
(29, 32, 91)	 0.1422924901185771
(1, 2)	 0.16363636363636364
(3, 8, 12)	 0.2568306010928962
(0, 3, 4, 12, 13)	 0.27802690582959644
(4,)	 0.11023622047244094
(7, 10, 16, 17)	 0.2945054945054945
(3, 4, 15, 16, 19)	 0.32719836400818
(5, 56, 58)	 0.15447154471544716
(1, 14, 26)	 0.15683646112600536
(1, 3, 47, 50)	 0.2934973637961336
(3, 6, 58)	 0.2662116040955631
(17, 28, 32, 49, 50)	 0.5046728971962616
(6, 19, 46)	 0.2625
(1, 8, 9, 10, 14)	 0.39784946236559143
(14, 40, 42, 50)	 0.16648168701442842
(5, 6, 9, 11)	 0.33620689655172414
(16, 48, 62)	 0.24770642201834864
(19, 23, 25, 43)	 0.28805620608899296
(2, 13, 14, 15, 22)	 0.2634032634032634
None	 0
(1, 36, 41)	 0.16513761467889906
(2, 3, 4, 15, 16)	 0.3507853403141361
(13, 23, 41)	 0.1476846057571965
(16, 25, 28, 38)	 0.2596491228070175
(4, 5, 6, 8)	 0.21224489795918366
(13, 16, 61)	 0.10068259385665528
(0, 1, 5, 18, 20)	 0.22115384615384617
(2, 3, 7, 10, 21)	 0.2894736842105263
(9, 25, 30, 39)	 0.2354948805460751
(2, 3, 6)	 0.2087912087912088
(6, 7, 43, 47, 54)	 0.2852348993288591
(4, 5, 6, 7)	 0.22978723404255322
(24, 34, 37)	 0.39705882352941174
(30, 38, 46)	 0.2393162393162393
(17, 71, 82)	 0.2328966521106259
(8, 12, 14, 19, 20)	 0.2696969696969697
None	 0
(12, 22, 23, 29)	 0.37748344370860926
(2, 4, 5, 9, 23)	 0.359882005899705
(6, 7, 9, 12, 15)	 0.3070866141732283
(0, 1, 2, 8)	 0.2040133779264214
(3, 6, 7, 10, 17)	 0.3660531697341513
(3, 4, 18, 32, 39)	 0.37757437070938216
(13, 16, 19, 23, 40)	 0.3218997361477573
(1, 9, 11)	 0.20689655172413793
None	 0
(11, 16, 23, 42)	 0.272
(4, 10)	 0.37815126050420167
(4,)	 0.16
(13, 14, 16, 18, 20)	 0.3384615384615385
(1, 6, 7, 15)	 0.21621621621621623
(6, 19, 22, 24, 26)	 0.15503875968992248
(14, 15, 22, 46)	 0.13813813813813813
(1, 7, 90)	 0.1580288870008496
(4, 13, 15)	 0.19327731092436976
(1, 8, 9, 11, 16)	 0.3465553235908142
(11, 18, 28, 33, 37)	 0.3480278422273782
(6, 49, 52)	 0.30274135876042907
(1, 61, 72)	 0.31980906921241053
(11, 30, 32)	 0.3810359964881475
(3, 4, 7)	 0.10526315789473685
(5, 22)	 0.1567251461988304
(2, 32, 64)	 0.26512455516014233
(1, 5, 7)	 0.5411140583554376
(8,)	 0.03225806451612903
(17, 39, 70)	 0.17468354430379746
(5, 9, 12, 14, 15)	 0.26516853932584267
(24, 29, 49)	 0.34258373205741627
(4, 11, 16, 20, 21)	 0.3157894736842105
(5, 6, 7, 8, 26)	 0.26019080659150046
(11, 20, 43)	 0.3656249999999999
(6, 15, 25, 28, 35)	 0.39828080229226365
(68, 71, 83)	 0.20087336244541482
(1, 5, 6, 11, 16)	 0.16022889842632332
(3, 4, 7, 10, 11)	 0.21238938053097345
(4, 6, 7, 17)	 0.32510885341074014
(2, 4, 5, 11)	 0.19354838709677422
(0, 2, 16, 23)	 0.3418181818181818
(8, 14, 17, 18, 21)	 0.367601246105919
(4, 5, 6, 8, 11)	 0.2542372881355932
(3, 15, 17)	 0.2726114649681529
(2, 3)	 0.32323232323232326
(2, 7, 8, 10)	 0.4307692307692308
(9, 13, 21, 24)	 0.47030878859857483
(22, 23, 29, 30)	 0.6055045871559633
(11, 12, 15)	 0.5362318840579711
(11, 15, 17, 25, 27)	 0.45982142857142855
(14, 18, 22, 25, 26)	 0.46779661016949153
(3, 7)	 0.1889763779527559
(6, 7)	 0.5123966942148761
(4, 6, 9, 15, 17)	 0.3567921440261866
(12, 19, 42)	 0.5279383429672447
(11, 16, 17, 20, 21)	 0.4699453551912569
(2, 39, 60)	 0.20286085825747724
(4, 11, 14, 18, 28)	 0.32031249999999994
(9, 24, 28, 30)	 0.2692939244663382
(1, 10, 12, 13, 15)	 0.25925925925925924
(27, 29, 113)	 0.2944606413994169
(3, 45, 68)	 0.32258064516129037
(5, 10, 11, 13, 22)	 0.5857740585774058
(24, 26, 29, 35)	 0.7210884353741497
(27, 37)	 0.42290748898678415
(0, 8, 10, 24, 35)	 0.2887931034482758
(1, 3, 15, 43)	 0.1649782923299566
(66, 70, 72, 74)	 0.42794759825327516
(3, 10, 12, 14)	 0.5980392156862744
(10, 13, 65)	 0.23174971031286212
(14, 21, 22, 27)	 0.2587763289869609
(10, 14, 15)	 0.6378600823045267
(1, 4, 16, 17, 22)	 0.35578583765112265
(6, 7, 42, 44)	 0.44144144144144143
None	 0
(22, 31, 47)	 0.3397683397683398
(6, 7, 10, 18)	 0.25
(1, 7, 12, 15, 19)	 0.29970326409495546
(13, 41, 50)	 0.20890937019969277
(4, 12, 13, 17)	 0.4545454545454546
(7, 14, 15, 16)	 0.28918322295805743
(4, 10, 40)	 0.23037974683544304
(1, 2, 9, 11, 12)	 0.1146953405017921
(7, 11, 16, 22, 32)	 0.4166666666666667
(1, 3, 8, 9, 10)	 0.21935483870967745
(4, 6, 17, 21, 25)	 0.3406593406593406
(15, 17, 20, 23, 31)	 0.33035714285714285
(0, 21, 23)	 0.2695035460992908
(21, 23, 25, 30, 34)	 0.5605095541401274
(1, 2, 6, 44)	 0.3041765169424744
(27, 62, 75)	 0.20359281437125748
(11, 16, 46)	 0.3380281690140845
(18, 30, 33, 41)	 0.4777947932618683
(4, 11, 16, 17, 20)	 0.3371900826446281
(7, 10, 13, 21, 25)	 0.3515541264737406
(15, 22, 44)	 0.5125448028673836
(6, 15, 21)	 0.3089579524680073
(5, 12, 20, 37)	 0.2673434856175973
(2, 23, 27)	 0.25955734406438635
(1,)	 0.024390243902439025
(6, 30, 38)	 0.31811894882434305
(2, 7, 10, 42)	 0.3441860465116279
(16, 17, 19, 21)	 0.3636363636363636
(11, 19, 24)	 0.35856573705179284
(1, 14, 21, 29)	 0.41015624999999994
(3, 7, 13)	 0.33078880407124683
(4, 13, 30, 39)	 0.40610687022900765
(3, 8, 21, 23, 37)	 0.33786407766990295
(2, 18, 20, 25, 29)	 0.3398230088495575
(16, 20, 21, 24, 25)	 0.5940959409594097
(6, 7)	 0.3076923076923077
(2, 26, 30, 47)	 0.34183673469387754
(6,)	 0.18064516129032254
(1, 4, 8, 17)	 0.3151515151515152
(7, 13, 15, 24, 26)	 0.504930966469428
(18, 53, 72)	 0.22557585385226367
(1, 4, 7, 17, 24)	 0.1424802110817942
(3, 5, 9, 12, 19)	 0.30867346938775514
None	 0
(21, 48, 70)	 0.23584029712163415
(0, 6)	 0.3382352941176471
(7, 33, 50, 51)	 0.35959595959595964
(1, 12, 13)	 0.223826714801444
(22, 36, 59)	 0.2479608482871126
(5, 6, 8, 14, 19)	 0.40503432494279173
(18, 44, 47)	 0.35862068965517246
(10,)	 0.591549295774648
(6, 16, 17, 25, 26)	 0.6210268948655258
None	 0
(6, 35, 38)	 0.3014705882352941
(9, 10, 14, 20, 28)	 0.3735408560311284
(5, 7, 64)	 0.18715596330275228
(8, 29, 31, 35, 36)	 0.42750000000000005
(3,)	 0.3096774193548387
(1, 5, 6, 8, 11)	 0.3418367346938776
(0, 27, 36, 43)	 0.24113475177304963
(29, 32, 52)	 0.3792415169660678
(1, 2, 64)	 0.20270270270270271
(6, 12, 14, 15)	 0.2774869109947644
(32, 38, 54, 57)	 0.48678213309024615
(1, 25, 56, 81)	 0.30399999999999994
(4, 6, 11, 15)	 0.47232472324723246
(1, 9, 12)	 0.35460992907801414
(22, 26, 65)	 0.34652114597544337
(5, 7, 12)	 0.2235294117647059
(10, 23, 66)	 0.33867276887871856
(17, 18, 23, 25)	 0.2690058479532164
(2, 4, 27, 43)	 0.36319612590799033
(9, 11)	 0.22058823529411764
(5, 6, 8, 19, 28)	 0.3097949886104784
(5, 7)	 0.35374149659863946
(1, 4, 8, 19)	 0.35863874345549746
(7, 8, 10, 17, 19)	 0.3348982785602504
(9, 22, 25, 28)	 0.28571428571428575
(23, 31, 48)	 0.3303834808259587
(16, 30, 34)	 0.17910447761194032
(3, 12, 20, 28)	 0.46223564954682783
(17, 20, 40, 42)	 0.20025348542458807
(14, 18, 53)	 0.23127463863337716
(30, 69, 73)	 0.1870503597122302
(1, 12, 16, 20, 35)	 0.3312883435582822
(1, 7, 13, 20, 22)	 0.3438155136268344
(8, 12, 13, 22)	 0.2685512367491166
(20, 45, 47)	 0.3111111111111111
(18, 39, 73)	 0.2297650130548303
(1, 2, 7, 11, 22)	 0.35872235872235875
(0, 1, 4, 17, 22)	 0.2105263157894737
(1, 2, 3, 9, 14)	 0.36486486486486486
(7, 10, 14)	 0.39004149377593367
(1, 17, 18, 41)	 0.32857142857142857
(45, 48, 49, 56)	 0.2867557715674362
(15, 17, 63)	 0.294392523364486
(9, 13, 19, 28, 32)	 0.3430493273542601
(6, 8, 31, 33)	 0.2773333333333333
(2, 3, 15, 21)	 0.26686656671664166
(2, 6, 10, 13)	 0.28571428571428575
(9, 23, 51)	 0.29124423963133644
(5, 7, 55)	 0.18645731108930325
(6, 15, 16, 22, 23)	 0.4396551724137931
(2, 14, 17, 22, 25)	 0.25630252100840334
(11, 33, 82)	 0.29818181818181816
(1, 4, 10, 21, 28)	 0.47260273972602734
(1, 7, 9)	 0.22330097087378642
(5, 14, 19)	 0.364066193853428
(14, 19, 21)	 0.32
(11, 12, 13, 29, 32)	 0.3044871794871795
(8, 9)	 0.18823529411764706
(6, 32, 35, 49)	 0.22955974842767293
(2, 18, 37, 45)	 0.2384937238493724
(1, 7, 10, 37)	 0.3952299829642249
(4,)	 0.03278688524590164
(1, 2, 5, 8, 9)	 0.22355289421157687
(4, 8)	 0.10606060606060606
(1, 18, 20, 22, 31)	 0.2075134168157424
(1, 3, 8, 10)	 0.2236842105263158
(7, 18, 58)	 0.1399014778325123
(7, 9, 18, 21, 22)	 0.2216624685138539
(7, 9)	 0.22727272727272727
(1, 7, 9, 12, 13)	 0.24309392265193372
(0, 13, 14, 18, 21)	 0.30303030303030304
(6, 8)	 0.19130434782608696
(2, 22, 48, 49, 62)	 0.27842227378190254
(20, 25, 44)	 0.2457757296466974
(3, 5, 14, 17, 23)	 0.19939577039274922
(11, 24, 27, 30)	 0.2692307692307693
(1, 3, 5, 6)	 0.10408921933085502
(66, 67, 74)	 0.20760534429599178
(23, 34, 38)	 0.1896792189679219
(1,)	 0.03636363636363636
(1, 3, 51, 86)	 0.3074792243767313
(7, 23, 39, 40)	 0.2873051224944321
(17, 20, 30, 40, 46)	 0.2746331236897274
(38, 57, 63)	 0.14498933901918976
(1, 6, 17, 22, 23)	 0.2077922077922078
(1, 19, 22)	 0.17752596789423988
(2, 4, 5, 8, 11)	 0.3404255319148936
(1, 3, 4, 54)	 0.22539229671897293
(1, 3, 5, 10, 21)	 0.12794612794612795
(10, 11, 16, 17, 20)	 0.2519685039370078
(36, 60, 64)	 0.27114093959731544
(3, 5)	 0.3272727272727273
(5, 34, 36, 64)	 0.20165745856353592
(7, 29, 41, 45)	 0.1778221778221778
(20, 21, 22, 23)	 0.29402756508422667
(54, 55, 57)	 0.19676549865229112
(1, 3, 9, 19, 24)	 0.3276089828269485
(7, 8, 10, 11, 20)	 0.2517482517482517
(3, 12, 15, 23, 24)	 0.2974963181148748
(5, 10)	 0.4943820224719101
(1, 2, 3, 8)	 0.22147651006711408
(0, 20, 21, 22, 24)	 0.3
(8, 13, 16, 20, 27)	 0.25356576862123614
None	 0
(3, 12, 20, 31)	 0.27230046948356806
(2, 9, 10, 17)	 0.1851851851851852
(5, 24, 43)	 0.2698961937716263
(2, 4, 8, 9, 12)	 0.2753246753246753
(5, 15, 18)	 0.21886792452830192
(43, 44, 45)	 0.16897081413210446
(27, 28, 39, 41)	 0.22382671480144403
(14, 16, 28, 36, 47)	 0.2518518518518518
None	 0
(49, 52, 58)	 0.13095238095238096
(2, 4, 5, 7, 14)	 0.3072916666666667
(12, 23, 34)	 0.1558901682905226
(3, 6, 9, 18, 25)	 0.2640901771336554
(1, 3, 36, 37, 39)	 0.11299435028248588
(50, 65, 77, 81)	 0.10400000000000001
None	 0
(24, 31, 33)	 0.23863636363636362
(3, 4, 5, 6, 43)	 0.20701168614357263
(1, 2, 3, 10, 18)	 0.36525612472160357
(6,)	 0.0625
(1, 2, 3, 11)	 0.5129682997118156
(5, 24, 26, 29)	 0.16984402079722705
(1, 9, 11, 13, 22)	 0.25210084033613445
(1, 11, 15, 28, 31)	 0.24213075060532682
(1, 2, 10, 12)	 0.28426395939086296
(4, 5, 22)	 0.21241050119331745
(1, 3, 12, 13, 15)	 0.12612612612612611
(0, 5, 14, 18, 19)	 0.19090909090909092
(11, 14, 16, 20, 21)	 0.3643892339544514
(1, 5, 11, 19)	 0.3109756097560975
(6, 18, 42, 43)	 0.16067146282973624
(1, 9, 11, 18, 28)	 0.22423146473779385
(28, 30, 39, 43)	 0.18458417849898584
(5, 11, 25)	 0.11311053984575835
(1, 15, 17, 22)	 0.21286031042128603
(9, 11, 12, 13, 14)	 0.22895622895622894
(1, 3, 7, 23, 26)	 0.20299500831946754
(2, 3, 4, 16, 28)	 0.2529411764705882
(13, 18, 21, 24, 25)	 0.31095406360424027
(3, 4, 7)	 0.12360515021459229
(0, 2, 3, 4, 6)	 0.17302798982188297
(1, 5)	 0.2608695652173913
(5, 8, 67)	 0.18683274021352314
(3, 12, 14, 21, 23)	 0.25555555555555554
(8, 58, 59)	 0.14416775884665795
(11, 17, 22, 30, 31)	 0.28013029315960913
(12, 28, 65)	 0.18259023354564755
(9, 10, 12)	 0.29007633587786263
(0, 4, 15, 31, 37)	 0.12903225806451613
(4, 5, 9, 10, 13)	 0.2918454935622318
(1, 2, 7, 9)	 0.4778761061946903
(8, 10, 18)	 0.42718446601941745
(1, 6, 9, 11, 15)	 0.28095238095238095
(3, 40, 41)	 0.13829787234042554
(19, 31, 67)	 0.20584795321637428
(1, 18, 36)	 0.12098298676748583
(2, 11, 13, 15, 16)	 0.2629757785467128
(0, 16, 17, 21, 24)	 0.31941031941031944
(3, 4, 19)	 0.16129032258064518
(3, 57, 63)	 0.19628647214854109
(13, 14, 17, 31)	 0.15074024226110364
(20, 33, 39)	 0.33820459290187893
(2, 3, 5, 9, 11)	 0.27218934911242604
(1, 2, 10, 12, 24)	 0.30978260869565216
(11, 19, 22, 26)	 0.2837653478854024
(0, 17, 18, 25, 26)	 0.33807829181494664
(3, 26, 29, 32)	 0.2425373134328358
(6, 29, 46)	 0.1641337386018237
(1, 3, 4, 8, 10)	 0.22567287784679088
(15, 28, 36)	 0.23509655751469355
(9, 13, 28, 29)	 0.22617987533392697
(1, 2, 13, 20)	 0.18201284796573877
(4, 27, 31, 39)	 0.1996779388083736
(8, 21, 36)	 0.2705718270571827
(4, 5, 12)	 0.2745098039215686
(15, 19, 22, 24, 27)	 0.2153846153846154
(1, 5, 8, 10, 13)	 0.28820960698689957
(3, 4, 7)	 0.1650485436893204
(1, 18, 19, 20)	 0.28322440087145967
(3, 6, 11, 15, 19)	 0.1875
(11, 21, 75)	 0.16080402010050251
(5, 7)	 0.2524271844660194
(5, 7, 16)	 0.30204081632653057
(39, 77, 80)	 0.17985611510791372
(7, 9, 12, 13, 31)	 0.2362204724409449
(21, 28, 53)	 0.2020972354623451
(5, 12, 15, 27)	 0.3474178403755868
(6, 16, 17, 22, 25)	 0.23172905525846701
(1, 12, 13)	 0.2639296187683285
(2, 8, 10, 13)	 0.22093023255813954
(36, 44, 54)	 0.20710059171597633
(1, 10, 16, 20, 28)	 0.30985915492957744
(7, 8, 20, 29, 41)	 0.2297650130548303
(24, 25, 27)	 0.2605042016806723
(1, 5, 7, 9, 10)	 0.3913978494623656
(6, 26, 27, 28, 29)	 0.20168067226890757
(0, 16, 51)	 0.1639676113360324
(23, 25, 29, 30)	 0.34782608695652173
(32, 34, 35)	 0.1975780752071383
(4, 8, 10, 11, 12)	 0.26615969581749044
(2, 9, 13)	 0.19791666666666669
(17, 27, 36)	 0.19602977667493796
(17, 24, 33)	 0.2243713733075435
(2, 25, 37)	 0.23943661971830987
(6, 9, 14, 28, 35)	 0.19957537154989385
(4, 8, 16, 27, 28)	 0.22054054054054056
(2, 5, 9, 10)	 0.24263431542461003
(11, 22, 39)	 0.13106796116504854
(9, 11, 14)	 0.16585365853658535
(2, 6, 12, 19, 25)	 0.26785714285714285
(45, 70, 71)	 0.2825870646766169
(4, 6, 8, 14, 30)	 0.25280898876404495
(12, 13, 15)	 0.3166023166023166
(2, 3, 4, 7, 10)	 0.25
(17, 20, 22)	 0.15666666666666665
(15, 17, 44, 46)	 0.3130434782608696
(1, 17, 18, 25, 27)	 0.203921568627451
(10, 17)	 0.2555066079295154
(5, 6, 8, 9, 20)	 0.3231083844580777
(8, 11, 12, 19)	 0.4067796610169492
(1, 7, 9)	 0.19130434782608693
(6, 11, 17, 18, 21)	 0.20306513409961685
(0, 2, 4)	 0.16363636363636364
(1, 3, 28, 33)	 0.20293398533007337
(7, 14, 21, 25, 28)	 0.3180327868852459
(3, 5, 16, 21)	 0.3208333333333333
(47, 56, 60)	 0.28254847645429365
(6, 10, 17, 21, 22)	 0.25641025641025644
(49, 77, 92)	 0.1542553191489362
(1, 2, 19, 24, 30)	 0.25585585585585585
(32, 33, 38, 43)	 0.3032705649157582
(1, 6, 12)	 0.25418060200668896
(1, 9, 37)	 0.22919937205651492
(1, 3, 14, 20, 21)	 0.21658206429780033
(0, 3, 33)	 0.20470588235294115
(15, 27, 47)	 0.20769230769230768
(6, 8, 10, 11)	 0.2307692307692308
(4,)	 0.14035087719298245
(17, 24, 28, 29, 30)	 0.3188010899182561
(1, 12, 15, 18, 32)	 0.24351297405189626
(27, 49, 51)	 0.17868020304568527
(10, 13, 17, 18, 22)	 0.23170731707317072
(1, 7, 15)	 0.2380952380952381
(3, 13, 14, 15)	 0.39651416122004357
(3, 9, 14)	 0.1680517082179132
(4, 6, 14, 18, 23)	 0.36585365853658536
(17, 18, 30, 32)	 0.2652329749103943
(4, 9, 23)	 0.2635431918008785
(7, 11, 13, 14, 17)	 0.37352245862884165
(0, 17, 18, 20, 24)	 0.3057090239410682
(5, 12, 18, 19, 20)	 0.2342007434944238
(10, 13, 16, 23, 27)	 0.23339317773788154
(1, 56, 81)	 0.1440443213296399
(1, 3, 8, 26, 30)	 0.3042735042735043
(11, 14, 27, 28)	 0.295774647887324
(8, 9, 16, 17)	 0.39828693790149894
(0, 10, 18, 37, 41)	 0.438957475994513
(5, 13, 15, 16, 18)	 0.213903743315508
(1, 9, 12, 26, 28)	 0.28376844494892167
(5, 8, 28, 43)	 0.24448217317487267
(1, 25, 27, 31, 32)	 0.3131115459882583
(6, 7, 8)	 0.2813102119460501
(1, 6, 7, 21, 24)	 0.38734177215189874
(6, 8, 10, 18, 28)	 0.30025445292620867
(12, 17, 19, 32)	 0.2699530516431925
(1, 2, 7, 14, 21)	 0.36623748211731044
None	 0
(6,)	 0.09433962264150943
(5, 9, 11, 27)	 0.2760416666666667
(0, 2, 4, 11, 16)	 0.28192371475953565
(1, 5, 26, 29, 31)	 0.22910216718266255
(2, 17, 74)	 0.1399662731871838
(9, 14, 15, 16, 17)	 0.27764705882352936
(6, 10, 29, 54)	 0.2391304347826087
(1, 2, 4, 7, 16)	 0.2736418511066398
(15, 16, 17, 18, 29)	 0.33980582524271846
(1, 5, 9, 14, 16)	 0.2216624685138539
(7, 9, 13, 19, 21)	 0.26078028747433263
(1, 24, 29, 33)	 0.20121212121212123
(4, 39, 47)	 0.21967963386727693
(3, 4, 6, 12, 13)	 0.31386861313868614
(2, 7, 53)	 0.14886731391585764
(1, 9, 12)	 0.31155778894472363
(2, 3, 10, 20, 22)	 0.3076923076923077
(19, 21)	 0.415929203539823
None	 0
(13, 16, 17, 20, 28)	 0.26044226044226043
(16, 67, 74)	 0.17009345794392525
(13, 21, 22, 27)	 0.2215477996965099
(1, 6, 11, 12, 18)	 0.31399317406143346
(16, 22, 31, 61)	 0.22330097087378642
(7, 9, 12)	 0.2931937172774869
(1, 42, 47, 50)	 0.18461538461538463
(7, 10, 12, 13, 14)	 0.2571428571428572
(10, 18, 19)	 0.28779069767441856
(5, 12, 88)	 0.20342396777442093
(9, 10, 20)	 0.2222222222222222
(4, 16, 19, 24)	 0.31082802547770705
(4, 6, 15, 16, 22)	 0.3132075471698113
(43, 45, 67)	 0.17921146953405015
(2, 9, 12, 15, 16)	 0.1820303383897316
(7, 14, 16, 29)	 0.2202753441802253
(8, 17, 37)	 0.17215727948990434
(4, 5, 6, 13, 21)	 0.46088794926004223
(1, 3, 7, 14, 15)	 0.2392638036809816
(3, 16, 19, 25, 29)	 0.20543806646525678
(6, 7, 17, 35, 39)	 0.19333333333333336
(3, 39, 50)	 0.24918032786885247
(13, 50, 53)	 0.16434540389972144
(20, 39, 50)	 0.09655172413793103
(10, 18, 34)	 0.1409921671018277
(9, 10, 14, 15, 16)	 0.22939068100358426
None	 0
(11, 14, 15, 16, 17)	 0.29770992366412213
(2, 7, 22, 24, 32)	 0.19540229885057472
(5, 9, 11)	 0.04848484848484849
(0, 4, 13, 15, 17)	 0.21321961620469085
(9,)	 0.06060606060606061
(1, 29, 63)	 0.22656250000000003
(4, 11, 15, 16, 19)	 0.12269938650306748
(1, 3, 47)	 0.24380165289256195
(2, 3, 6)	 0.3397129186602871
(4, 11, 65)	 0.15606060606060604
(1, 2, 4, 12, 20)	 0.25445292620865145
(3, 4, 10, 11, 14)	 0.2689655172413793
(13, 52, 57)	 0.1899441340782123
(1, 3, 6, 10)	 0.2
(7, 17, 33, 37)	 0.19252548131370328
(24, 33, 45)	 0.1313526192337764
(13, 14, 24, 25)	 0.19914346895074944
(1, 16, 38)	 0.29084380610412924
(0, 2, 6, 27)	 0.20131291028446388
(14, 17, 21, 24)	 0.4633663366336634
(1, 9, 48, 59)	 0.12289562289562288
(1, 13, 20)	 0.10446137105549509
(2, 11, 17, 32)	 0.3104693140794224
(1, 4, 6, 23, 25)	 0.28743718592964823
(3, 8, 31, 35)	 0.18035426731078907
(3, 4, 5, 19)	 0.1420118343195266
(5, 11, 29, 37)	 0.21446384039900251
(2, 7)	 0.18000000000000002
(4, 8, 9, 11)	 0.2070844686648501
(5, 9, 16, 31, 33)	 0.2785714285714285
(12, 16, 18, 24, 34)	 0.21945137157107233
(1, 3, 5, 7, 14)	 0.1794871794871795
(41, 42, 43)	 0.2949852507374632
(9, 20, 94)	 0.23157894736842102
(1, 4, 7, 10)	 0.2078853046594982
(2, 6)	 0.301255230125523
(17, 19, 26, 30, 31)	 0.20948616600790512
(2, 4, 6)	 0.20652173913043478
(2, 3, 5, 7, 12)	 0.16
(26, 42, 109)	 0.12480252764612954
(36, 38, 57)	 0.20542082738944367
(8, 10, 14, 16, 18)	 0.18181818181818185
(5, 22, 57)	 0.1532258064516129
(1, 4, 5, 7, 29)	 0.2058823529411765
(12, 19, 21, 22, 25)	 0.27027027027027023
(5, 6)	 0.10619469026548672
(1, 7, 26, 30, 33)	 0.23713646532438482
(1, 12, 51)	 0.21845574387947272
(1, 27, 47, 49)	 0.18066561014263074
(4, 69, 73)	 0.16942909760589317
(4, 6)	 0.07457627118644067
(1, 5, 7, 9, 14)	 0.2956521739130435
(0, 2, 11, 31, 32)	 0.1626984126984127
(1, 24, 35, 36)	 0.22631578947368422
(1, 2, 4, 11, 12)	 0.12017167381974249
(22, 23, 26, 28)	 0.29556650246305416
(1, 39, 42)	 0.11986301369863014
(5, 17, 20, 23, 32)	 0.43710691823899367
(1, 41, 43, 53)	 0.17658349328214973
(1, 17, 21, 25)	 0.13924050632911392
(1, 3, 4, 15, 27)	 0.2
(14, 27, 36, 38)	 0.24703557312252966
(1, 25, 44)	 0.12093023255813953
(5, 7, 8, 24)	 0.19047619047619047
(8, 14, 31)	 0.2745098039215686
(4, 5)	 0.11834319526627217
(1, 4, 5, 27, 44)	 0.3183183183183183
(10, 25, 32, 47)	 0.18906942392909895
(18, 22, 58)	 0.17667844522968196
(4, 11, 12, 13, 16)	 0.24942263279445728
(21, 28, 43)	 0.14002642007926025
(30, 50, 58)	 0.19134396355353078
(33, 83, 87)	 0.22482435597189696
(1, 2, 4, 6, 10)	 0.14705882352941177
(13, 14, 25, 27, 35)	 0.29613733905579404
(1, 4)	 0.03361344537815126
(2, 19, 29, 30)	 0.34838709677419355
(14, 15, 17, 25, 26)	 0.5231481481481481
(9, 12, 25, 42)	 0.3008298755186722
(1, 43, 44, 46)	 0.5267326732673268
(1, 31, 33)	 0.231974921630094
(2, 15, 27, 46)	 0.24264705882352944
(1, 2, 5, 15, 21)	 0.19596541786743515
(1, 22, 24, 26, 27)	 0.3429394812680115
(8, 19, 42, 43)	 0.20394736842105263
(9, 22, 33, 35)	 0.25559105431309903
(0, 1, 2, 4, 6)	 0.35036496350364965
(4, 5, 6, 9, 11)	 0.24
(11, 14, 20, 24)	 0.41518987341772157
(5, 21, 54)	 0.16561844863731656
(7,)	 0.326797385620915
(18, 22, 27, 35)	 0.44167962674961125
(1, 4, 6)	 0.11428571428571428
(71, 77, 80)	 0.2299794661190965
(16, 25)	 0.3462897526501767
(3, 10)	 0.06557377049180328
(24, 26, 32, 34, 36)	 0.46652267818574517
(2, 4, 27, 35, 36)	 0.5993150684931507
(1, 4, 5, 10, 11)	 0.4158004158004158
(2, 8, 10, 14, 26)	 0.23497267759562843
(15, 21, 23)	 0.4988864142538976
(22, 23, 24)	 0.2299717247879359
(4, 49, 50)	 0.19182156133828998
(1, 2)	 0.08163265306122448
(18, 22, 24)	 0.24233576642335766
(1, 2, 13, 18, 21)	 0.452054794520548
(5, 12, 14, 19, 22)	 0.4794952681388013
(13, 29, 37)	 0.2783410138248848
(55, 56, 57, 58)	 0.4615384615384615
(10, 12, 13, 14, 16)	 0.524822695035461
(5, 9, 31, 32, 35)	 0.19540229885057472
(30, 41, 44)	 0.22619047619047622
None	 0
(2,)	 0.34615384615384615
(22, 25, 36, 38)	 0.33698030634573306
(5, 10, 22, 24)	 0.21929824561403508
(5, 7, 9, 19)	 0.3875598086124401
(5, 6, 9, 12)	 0.6728971962616822
(4, 5, 9, 15, 16)	 0.47311827956989244
(22, 24)	 0.4962962962962963
(24, 32, 87)	 0.3024494142705006
(29, 30, 33, 40)	 0.31100478468899523
(4, 5, 26, 34)	 0.1597139451728248
(7, 15, 16, 17, 18)	 0.4023668639053255
(5, 11, 13, 39)	 0.41590214067278286
(1,)	 0.0821917808219178
(1, 3, 9, 11, 17)	 0.3212435233160622
(7, 8, 10, 20, 25)	 0.3371298405466971
(9, 11)	 0.5380434782608696
(5, 6, 9)	 0.25462962962962965
(1, 4, 14, 27, 33)	 0.32814371257485025
(25, 27, 66)	 0.19290020093770932
(1, 3, 4, 9, 13)	 0.21399176954732513
(0, 6, 11, 13)	 0.22147651006711408
(2, 15, 16, 23)	 0.28640776699029125
(2, 3, 17, 22, 30)	 0.2568093385214008
(6, 23, 27, 48)	 0.18181818181818182
None	 0
(2, 3, 17, 18)	 0.14563106796116504
(1,)	 0.08823529411764706
(23, 38, 50)	 0.29012345679012347
(1, 5, 17, 20, 24)	 0.24000000000000002
(1, 2, 3, 8, 16)	 0.2105263157894737
(37, 41, 44, 55, 65)	 0.16019417475728154
(5, 12, 16, 32)	 0.2168674698795181
(1, 4, 16)	 0.12154696132596686
(1, 5, 13)	 0.22033898305084745
(1, 3, 5, 7)	 0.22491349480968856
(6, 30, 41, 58)	 0.23580786026200876
(4,)	 0.07692307692307693
(2, 6, 15, 32)	 0.25069637883008355
(9, 10, 26)	 0.1451851851851852
(5, 8, 13, 14, 21)	 0.1378026070763501
(14, 20, 40)	 0.168141592920354
(2, 58, 65)	 0.16345062429057886
(3, 4)	 0.07253886010362695
(2, 12, 16, 26)	 0.18686868686868688
(15, 28, 33, 35)	 0.14666666666666667
(0, 10, 12, 15, 24)	 0.23352601156069364
(3, 4, 11, 18, 23)	 0.1735052754982415
(2, 95, 97)	 0.10846812559467174
(18, 70, 75)	 0.11839999999999999
(40, 42, 59)	 0.11866235167206042
(0, 2, 3, 9, 27)	 0.12429378531073444
(19, 20, 43, 44)	 0.1137855579868709
(28, 65, 71)	 0.15112855740922473
(7, 22, 53)	 0.2518363064008395
(41, 42, 44)	 0.15282392026578073
(11, 18, 19, 22, 27)	 0.14798206278026907
(3, 5, 6, 15, 24)	 0.18536585365853656
(74, 78, 83)	 0.1540983606557377
(0, 2, 8, 11, 19)	 0.17827298050139276
(4, 5, 8, 21, 26)	 0.28846153846153844
(10, 11, 18, 22, 23)	 0.26058631921824105
(1, 2, 44, 51)	 0.25044722719141327
(7, 8, 10, 18, 22)	 0.1471264367816092
(2, 3, 9, 16, 29)	 0.25426944971537
(1, 2, 35, 41)	 0.18069815195071867
(17, 20, 28, 31)	 0.16620498614958448
(10, 13, 42)	 0.21887390959555908
(3, 4, 5, 6, 18)	 0.14392059553349876
(1, 2, 5, 38, 42)	 0.2245508982035928
(1, 10, 14, 16, 17)	 0.13227513227513227
(12, 15, 21, 24)	 0.23616236162361626
(6, 8, 9, 12, 27)	 0.21414141414141416
(1, 5)	 0.07751937984496124
None	 0
(9, 19, 24)	 0.14379084967320263
(1, 4, 8, 15)	 0.19108280254777074
(10, 11, 18, 35)	 0.2620232172470979
(2, 3, 4, 12, 16)	 0.2117310443490701
(1, 6, 15, 30)	 0.22110552763819094
(3, 6, 8, 13, 15)	 0.14285714285714288
(11, 13, 15, 19, 29)	 0.15160349854227403
(1, 20, 22)	 0.19323671497584544
(6, 7, 9, 10, 11)	 0.183206106870229
(3, 6, 11, 15, 18)	 0.2056737588652482
(2, 8, 15, 37)	 0.1962025316455696
(2, 5, 12, 17, 22)	 0.14130434782608692
(4, 5)	 0.06134969325153375
(5, 11, 16, 24, 34)	 0.1513513513513514
None	 0
(13, 48, 57)	 0.1938202247191011
(1, 3, 22, 29)	 0.21041666666666664
(6, 12, 19)	 0.2195121951219512
(5, 14, 42, 44)	 0.24484181568088034
(2, 10, 14, 18, 20)	 0.12903225806451613
(4, 6, 29, 40, 43)	 0.18075801749271136
(0, 10, 21, 26, 27)	 0.1846153846153846
(1, 3, 5, 7, 18)	 0.2368421052631579
(4, 8, 9, 11, 21)	 0.1484375
None	 0
(5, 7, 22)	 0.3944954128440367
(7, 13, 17, 23, 34)	 0.20606060606060606
(1, 8, 19, 20, 23)	 0.13105413105413105
(3, 4, 13, 14, 19)	 0.2505694760820045
(2, 3, 4, 7, 10)	 0.1302170283806344
(19, 21, 61, 63)	 0.13122171945701358
(1, 42, 61)	 0.22825219473264163
(13, 42, 59)	 0.1679160419790105
(2, 3, 11, 12, 18)	 0.32116788321167883
(1, 7, 17, 22, 23)	 0.1875
(3, 5, 6, 7, 19)	 0.2808988764044944
(1, 35, 46, 47)	 0.15308641975308643
(0, 56, 71)	 0.12612612612612611
(3, 6, 11, 12, 14)	 0.12627291242362526
(1, 2, 3, 4, 5)	 0.17956656346749222
(1, 4, 34, 40)	 0.20224719101123595
(8, 11, 12, 46)	 0.2723004694835681
(6, 66)	 0.1554959785522788
(68, 134, 137)	 0.5768194070080863
(70, 117, 119)	 0.24460431654676262
(102, 118, 128)	 0.4136807817589577
(1, 50)	 0.2571912013536379
(58, 104)	 0.08695652173913043
(39, 43, 59)	 0.2191142191142191
(37, 38, 58)	 0.19837398373983742
(31, 48, 60)	 0.24108658743633277
(13, 22, 104)	 0.18204488778054861
(52, 83, 86)	 0.3752860411899314
(52, 87, 93)	 0.34090909090909094
(67, 70, 90)	 0.3660377358490566
(26, 97, 106)	 0.31202046035805625
(49, 51, 85)	 0.20155038759689922
(150, 151)	 0.2845691382765531
(23, 26, 27)	 0.2258953168044077
(1, 140, 186)	 0.12873563218390804
(14, 20, 59)	 0.21986754966887415
(2, 3, 23, 73)	 0.20648967551622419
(1, 25, 95)	 0.36421725239616615
(19, 87, 104)	 0.215878679750223
(1, 50)	 0.5196078431372549
(55, 114)	 0.15217391304347827
(21, 52, 74)	 0.3553943789664551
(3, 19, 20)	 0.1958762886597938
(1, 2, 72, 73)	 0.5220588235294118
(90, 139)	 0.1259600614439324
(33, 34, 54, 59)	 0.32911392405063283
(23, 24, 27)	 0.30255402750491156
(1, 3, 43)	 0.18034682080924855
(4, 21, 24)	 0.27536231884057966
(16, 35, 52)	 0.20183486238532106
(58, 59, 72)	 0.18156424581005584
(63, 74)	 0.1085972850678733
(1, 3, 25, 68)	 0.19734345351043645
(52, 87, 100)	 0.2993762993762994
(16, 33, 58)	 0.3169642857142857
(7, 9)	 0.2880658436213992
(33, 34, 109)	 0.5819397993311036
(27, 60, 81)	 0.35507246376811596
(31, 54, 55)	 0.2641129032258065
(33, 43, 56)	 0.3275862068965517
(4, 69, 76)	 0.2975206611570248
(48, 56, 72)	 0.2824858757062147
(110, 125)	 0.28634361233480177
(83, 104, 121)	 0.2901353965183753
(27, 44, 86)	 0.306368330464716
(72, 112)	 0.1388888888888889
(1, 4, 9, 10, 12)	 0.4307692307692308
(25, 45, 89)	 0.3578947368421053
(25, 56, 70, 71)	 0.2586750788643533
(16, 127, 131)	 0.20840950639853748
(46, 47, 71)	 0.3086680761099366
(23, 31, 52, 53)	 0.2917398945518454
(1, 17, 148)	 0.41322314049586784
(4, 32, 34, 35)	 0.5599999999999999
(32, 35, 64)	 0.23961661341853038
(81, 82)	 0.2050290135396518
(53, 74, 75)	 0.26979472140762467
(19, 40, 65, 66)	 0.44289044289044294
(3, 22, 25, 33, 34)	 0.43440860215053767
(2, 45, 81)	 0.31444241316270566
(4, 11, 47, 79)	 0.29045643153526973
(5, 6, 10, 35)	 0.2139917695473251
(10, 12, 58)	 0.2069857697283312
(22, 24, 42, 45, 46)	 0.30407523510971785
(50, 85, 88)	 0.361247947454844
(42, 48, 51, 58)	 0.4218181818181818
(50, 56, 91)	 0.23543400713436385
(7, 42)	 0.10080645161290322
(4, 5, 14, 16)	 0.35874439461883406
(49, 52, 71)	 0.22759601706970126
(28, 29, 79)	 0.22093023255813957
(70, 71, 72)	 0.35820895522388063
(42, 51, 74)	 0.3836734693877551
(2, 79, 109)	 0.3710144927536232
(1, 2, 8, 32, 35)	 0.1962264150943396
(1, 7, 35, 39, 49)	 0.29906542056074764
(14, 56, 108)	 0.21475256769374418
(1, 3, 4, 33)	 0.20594059405940596
(12, 24, 28, 29, 40)	 0.1956521739130435
(1, 38, 41, 49)	 0.24524312896405917
(26, 60, 68)	 0.285204991087344
(10, 20, 80)	 0.22389666307857914
(1, 15, 86)	 0.3619047619047619
(130, 135, 136)	 0.19167473378509198
(35, 117)	 0.1928374655647383
(53, 56, 58)	 0.3975409836065574
(3, 102)	 0.17679558011049723
(15, 78)	 0.24850657108721624
(105, 113, 145)	 0.1841841841841842
(109, 137, 143)	 0.18811881188118812
(61, 90, 94)	 0.3303964757709251
(38, 76, 81)	 0.23117338003502627
(47, 94, 104)	 0.16654904728299225
(3, 5, 9)	 0.3172690763052209
(1, 34, 89)	 0.3603603603603603
(95, 119, 120)	 0.17927823050058206
(47, 116, 120)	 0.12175470008952552
(1, 53)	 0.4444444444444445
(1, 10, 37, 56)	 0.3872679045092838
(1, 12, 17, 36, 37)	 0.35714285714285715
(40, 46, 100)	 0.16835016835016833
(49, 51, 65)	 0.38369304556354916
(2, 6, 38, 50)	 0.15789473684210525
(9, 10, 12, 27)	 0.4888888888888888
(1, 2, 34, 35)	 0.3302752293577982
(39, 41, 71)	 0.4022346368715084
(16, 34, 96)	 0.17342342342342343
(23, 91)	 0.09954751131221719
(71, 73, 76)	 0.3150984682713348
(55, 66, 77)	 0.3763676148796499
(40, 84, 114)	 0.19999999999999998
(8, 21, 22, 23, 47)	 0.4236252545824847
(1, 2, 3, 13, 17)	 0.2955145118733509
(1, 6, 70)	 0.20877458396369136
(6, 34, 35, 38)	 0.4502369668246446
(1, 28, 40, 74)	 0.2167352537722908
(1, 4, 8, 14, 22)	 0.3504043126684636
(4, 5, 11, 12, 35)	 0.19477434679334918
(5, 61, 66)	 0.2661782661782662
(5, 48, 94)	 0.17391304347826086
(23, 52, 91)	 0.13053613053613053
(19, 20, 32, 33, 40)	 0.3277777777777778
(37, 95, 110)	 0.2432
(10, 11, 33, 47)	 0.261455525606469
(69, 71, 86)	 0.226628895184136
(6, 29, 33, 50)	 0.32124352331606215
(25, 45, 55)	 0.209726443768997
(11, 22, 101)	 0.17457886676875958
(40, 57, 138)	 0.2696629213483146
(38, 89, 103)	 0.12563323201621077
(24, 68, 84)	 0.2846251588310038
(7, 27, 41, 50)	 0.2222222222222222
(23, 25, 27, 38, 58)	 0.42412451361867703
(31, 103)	 0.195906432748538
(43, 44, 47)	 0.15675675675675677
(1, 2, 3, 12, 17)	 0.5116279069767442
(13, 61, 85)	 0.23714285714285716
(3, 8, 15)	 0.3070866141732284
(1, 3, 18, 30, 32)	 0.2582781456953643
(2, 33, 55)	 0.1927409261576971
(1, 3, 4, 9, 10)	 0.21367521367521367
(7, 20)	 0.32673267326732675
(69, 76, 97)	 0.2256267409470752
(17, 30, 38, 39, 40)	 0.3788968824940048
(1, 34, 48)	 0.19270833333333334
(1, 5, 16, 28)	 0.2792452830188679
(46, 47, 48)	 0.5530726256983239
(2, 110, 136)	 0.3193612774451098
(24, 154)	 0.2828685258964143
(12, 25, 85)	 0.16962524654832345
(63, 79, 80)	 0.2664015904572564
(22, 31, 35)	 0.2740619902120718
(39, 78, 92)	 0.3002680965147453
(17, 19, 25, 33, 34)	 0.4452054794520548
(6, 38, 45)	 0.20800000000000002
(17, 36, 112)	 0.27299703264094954
(32, 33, 34, 36)	 0.4897959183673469
(14, 33, 34, 37)	 0.18482758620689654
(3, 42, 71)	 0.33195020746887965
(35, 42, 43, 44, 47)	 0.412573673870334
(20, 28, 29, 65)	 0.29277566539923955
(10, 20, 61)	 0.18613861386138614
(27, 30, 63)	 0.17363344051446944
(3, 5, 69)	 0.3935185185185186
(23, 24, 61, 69)	 0.44072948328267475
(2, 3, 27, 31, 33)	 0.3355408388520972
(48, 50, 55)	 0.24966442953020132
(1, 45, 70)	 0.24421052631578943
(7, 36, 106)	 0.27531645569620256
(1, 6, 13, 36, 42)	 0.3245033112582782
(1, 10, 36, 42, 48)	 0.2760736196319019
(48, 55, 59)	 0.35294117647058826
(29, 30, 31)	 0.4764890282131661
(75, 108, 112)	 0.32098765432098764
(9, 62, 66)	 0.3346303501945525
(85, 93)	 0.1629802095459837
(7, 34, 71)	 0.25103448275862067
(38, 144)	 0.24166666666666667
(3, 35, 36, 42)	 0.3371647509578544
(8, 31, 52)	 0.36186770428015563
(1, 75, 127)	 0.15982241953385126
(10, 110)	 0.13761467889908258
(25, 78, 82)	 0.1796875
(1, 2, 3, 40)	 0.2142857142857143
(43, 59, 74)	 0.12550607287449395
(2, 49, 79)	 0.17594254937163376
(51, 61, 69)	 0.15772870662460567
(38, 56, 58, 59)	 0.19575856443719414
(1, 8, 20, 22, 26)	 0.2216216216216216
(2, 4, 9, 44)	 0.1273031825795645
(1, 5, 25, 31, 50)	 0.2705314009661836
(2, 103, 104)	 0.1863354037267081
(37, 41, 59, 61)	 0.2641509433962264
(26, 33, 62, 63)	 0.3891547049441786
(93, 98)	 0.20923076923076925
(12, 29, 104)	 0.19028340080971656
(23, 44, 51, 58)	 0.34267912772585674
(27, 28, 29, 30, 36)	 0.18075801749271136
(101, 102, 107)	 0.3018867924528302
(84, 97, 98)	 0.2510948905109489
(14, 69, 88)	 0.21146496815286622
(2, 58, 107)	 0.19491525423728814
(4, 102, 104)	 0.29115341545352746
(56, 70, 98)	 0.18699186991869918
(1, 38, 48)	 0.3375959079283888
(15, 37, 79)	 0.336980306345733
(68, 76, 103, 104)	 0.2900763358778626
(66, 105, 155)	 0.23247232472324722
(128, 130)	 0.17518248175182483
(114, 116, 119)	 0.40225563909774437
(34, 36, 52)	 0.3119266055045872
(2, 22, 28, 33)	 0.15964523281596454
(1, 19, 52, 53)	 0.22496147919876736
(1, 9, 39, 47, 48)	 0.24460431654676262
(48, 76, 89)	 0.30985915492957744
(111, 113)	 0.13150147203140336
(6, 16, 41, 54)	 0.4168336673346693
(1, 44, 54)	 0.33478260869565213
(2, 12, 13)	 0.1213063763608087
(40, 105, 106)	 0.18787158145065397
(13, 65, 80)	 0.2673521850899743
(6, 119)	 0.16136363636363635
(59, 81)	 0.09435897435897435
(8, 13, 71)	 0.1804949053857351
(46, 76, 85)	 0.36745406824146987
(3, 58, 95)	 0.3869209809264305
(21, 47, 68)	 0.2504672897196262
(1, 93)	 0.19130434782608696
(45, 49, 54)	 0.2159730033745782
(1, 45, 82)	 0.24068767908309457
(10, 12, 38)	 0.28716216216216217
(119, 121)	 0.24856596558317398
(29, 35, 36, 57, 68)	 0.24050632911392403
(95, 104)	 0.22520107238605896
(11, 52, 72)	 0.25277777777777777
(25, 75, 99)	 0.2016607354685647
(1, 5, 10, 35, 36)	 0.2598425196850394
(48, 64, 102)	 0.23312883435582823
(2, 4, 33, 34, 35)	 0.5276073619631902
(1, 5, 26, 40)	 0.17717717717717718
(5, 23, 73)	 0.4247787610619469
(1, 6, 36, 43)	 0.20210526315789473
(13, 20, 25, 42)	 0.20838323353293414
(1, 56, 78)	 0.24319419237749548
(24, 39, 65, 70)	 0.3311546840958606
(44, 115)	 0.19112627986348119
(4, 63)	 0.136067101584343
(1, 2, 69)	 0.21440536013400335
(55, 61)	 0.12407991587802311
(36, 64, 82)	 0.13055555555555556
(95, 96, 107)	 0.603988603988604
(49, 72, 76)	 0.40419947506561676
(16, 55, 75)	 0.21763085399449036
(5, 7, 14, 21, 29)	 0.5309278350515463
(5, 9, 13, 19, 25)	 0.4293193717277487
(57, 88, 107)	 0.1735261401557286
(4, 25, 124)	 0.1698956780923994
(1, 13, 67)	 0.29431438127090304
(1, 64, 72)	 0.4158415841584158
(9, 17, 55)	 0.23172905525846707
(1, 3, 6, 10, 16)	 0.29467084639498436
(59, 100)	 0.1079646017699115
(26, 27, 35, 42)	 0.3723404255319149
(28, 42, 81)	 0.2389705882352941
(1, 31, 61)	 0.3911764705882353
(55, 102)	 0.09913793103448275
(15, 30, 34, 48)	 0.2802547770700637
(50, 64, 65)	 0.41309823677581864
(5, 57, 59, 60)	 0.3033419023136247
(80, 82, 102)	 0.29107981220657275
(14, 17, 83)	 0.14329268292682926
(6, 29, 79)	 0.2132435465768799
(31, 137)	 0.0926916221033868
(37, 95, 97)	 0.2887323943661972
(1, 23)	 0.22525597269624573
(6, 50, 51)	 0.4
(23, 57, 81)	 0.11764705882352941
(95, 105)	 0.2532188841201717
(17, 69, 71)	 0.183206106870229
(71, 80)	 0.2827763496143959
(41, 42, 45)	 0.4215686274509804
(90, 96, 102)	 0.29558541266794625
(1, 14, 53, 54)	 0.27009646302250806
(1, 44, 78)	 0.22647527910685808
(21, 44, 52, 55)	 0.31451612903225806
(56, 60, 71)	 0.3489254108723135
(29, 65)	 0.18216318785578747
(36, 38, 43)	 0.2356020942408377
(8, 26, 30)	 0.22288261515601782
(62, 86)	 0.17667044167610416
(15, 16, 23, 68)	 0.34074074074074073
(12, 51, 60)	 0.32352941176470584
(11, 13, 91)	 0.20746887966804978
(13, 39, 84)	 0.24790619765494137
(24, 71)	 0.23913043478260873
(2, 6, 23, 28, 32)	 0.34759358288770054
(71, 75, 80)	 0.20512820512820512
(1, 9, 20, 25, 48)	 0.23552123552123558
(7, 21, 23, 36, 37)	 0.3302325581395349
(12, 109)	 0.14798206278026904
(7, 12, 13, 17, 18)	 0.3553299492385787
(26, 61, 68)	 0.2806183115338882
(10, 42, 47, 50, 53)	 0.20138888888888887
(1, 34, 48, 53)	 0.17971014492753623
(19, 49)	 0.609375
(1, 2, 12, 20, 34)	 0.3890274314214464
(35, 47, 53)	 0.25217391304347825
(9, 58, 78)	 0.24545454545454545
(29, 46, 48)	 0.3688760806916427
(86, 158, 179)	 0.26813880126182965
(32, 74, 76)	 0.2215743440233236
(47, 109)	 0.10425716768027801
(22, 34, 64, 65)	 0.3547297297297297
(5, 35, 46, 47)	 0.2907133243606999
(4, 23, 61)	 0.16489361702127658
(75, 91, 103)	 0.262589928057554
(26,)	 0.4175824175824176
(11, 27, 29)	 0.17603911980440098
(24, 43, 48, 67)	 0.17964071856287428
(10, 13, 14, 56, 83)	 0.3812154696132597
(65, 79, 83)	 0.25291181364392684
(83, 98, 100)	 0.20529100529100527
(2, 19, 20)	 0.16964285714285712
(12, 13, 14)	 0.16267942583732056
(28, 46, 62, 63)	 0.4085365853658537
(23, 50, 91)	 0.29166666666666663
(65, 73, 94)	 0.3113006396588486
(2, 38, 39, 52)	 0.4475138121546961
(1, 4, 49)	 0.2987551867219917
(15, 22, 24, 25, 32)	 0.39855072463768115
(35, 43, 48)	 0.30607966457023056
(6, 8, 10, 42, 61)	 0.39416058394160586
(8, 39, 42)	 0.3207547169811321
(11, 13, 16, 21, 22)	 0.2626262626262626
(13, 14, 54)	 0.20363636363636364
(1, 10, 43, 46)	 0.2407766990291262
(16, 17, 78)	 0.4
(37, 74, 102)	 0.25308641975308643
(24, 59, 70)	 0.2548596112311015
(6, 44, 127)	 0.174508126603935
(1, 13, 23, 24)	 0.4368932038834951
(44, 81, 85)	 0.251685393258427
(15, 26, 76)	 0.38933333333333336
(1, 9, 67, 70)	 0.21461187214611877
(36, 55, 73)	 0.20196353436185133
(19, 44, 94)	 0.24101479915433402
(1, 29, 30, 52, 63)	 0.3318181818181818
(4, 9, 46)	 0.15940959409594094
(58, 74, 108)	 0.2554112554112554
(19, 57, 91)	 0.16612021857923495
(37, 38, 118)	 0.19273743016759778
(1, 41, 49)	 0.17884405670665213
(2, 32, 92)	 0.41353383458646625
(105, 107)	 0.12609117361784675
(79, 127)	 0.13823529411764704
(1, 2, 3, 13)	 0.352
(5, 6, 12, 14, 17)	 0.47647058823529415
(97, 120)	 0.09630459126539755
(11, 16, 47, 49)	 0.22054380664652568
(24, 32, 39)	 0.16744186046511628
(1, 118)	 0.15907335907335907
(2, 22, 42)	 0.2103049421661409
(1, 2, 4, 15, 17)	 0.37962962962962965
(18, 94, 154)	 0.17520661157024794
(23, 48, 67)	 0.24196018376722817
(14, 44, 52, 53)	 0.20465116279069767
(50, 54, 67)	 0.26409495548961426
(1, 83, 84)	 0.2235123367198839
(2, 49, 68)	 0.42505592841163314
(8, 35, 36)	 0.3425414364640884
(53, 55, 56)	 0.21791044776119403
(12, 16, 59, 72)	 0.2066115702479339
(87, 88, 116)	 0.3453689167974882
(1, 92, 132)	 0.14838709677419357
(18, 52, 92)	 0.2058823529411765
(3, 15, 16, 17)	 0.37634408602150543
(56, 61, 88)	 0.17515638963360142
(3, 45)	 0.1948717948717949
(1, 2, 11, 14)	 0.4021739130434782
(4, 48, 50, 59)	 0.41432225063938616
(25, 33, 41)	 0.23391812865497075
(36, 37, 43)	 0.1596009975062344
(4, 54, 86)	 0.241726618705036
(1, 2)	 0.19999999999999998
(17, 18, 69)	 0.28453038674033143
(2, 4, 67)	 0.3041237113402062
(16, 18, 23, 31)	 0.3636363636363636
(36, 69, 70)	 0.1796116504854369
(1, 2, 6, 48)	 0.25941422594142266
(7, 107, 117)	 0.24098867147270855
(8, 72, 111)	 0.23204419889502764
(1, 53, 57, 58)	 0.3926940639269407
(31, 33)	 0.22115384615384617
(81, 84, 125)	 0.30891089108910885
(91, 116)	 0.20259128386336867
(18, 19, 21)	 0.4855491329479769
(12, 57, 67)	 0.24120603015075376
(48, 61, 85)	 0.14986376021798364
(9, 39, 81, 84)	 0.21958456973293766
(1, 5, 16)	 0.20444444444444446
(20, 32, 67)	 0.4123711340206186
(37, 57, 107)	 0.135702746365105
(1, 47, 62)	 0.22935779816513763
(61, 79, 85)	 0.1818181818181818
(29, 103, 104)	 0.2456140350877193
(57, 79, 98)	 0.15971394517282478
(46, 47, 48, 56, 58)	 0.21590909090909094
(2, 5, 14, 46)	 0.2801047120418848
(1, 16, 72)	 0.15284552845528454
(88, 92)	 0.14354838709677417
(15, 16, 21, 23, 24)	 0.3741007194244604
(6, 18, 20)	 0.26973684210526316
(9, 22, 23)	 0.20614828209764915
(57, 105, 108)	 0.22564102564102564
(20, 110, 113)	 0.3441682600382409
(1, 25, 76)	 0.2829268292682927
(31, 34, 46, 61)	 0.40856031128404663
(1, 36, 80)	 0.34965034965034963
(6, 18)	 0.11617312072892938
(3, 34, 53, 54)	 0.35030549898167007
(19, 110, 113)	 0.18723404255319145
(7, 9, 125)	 0.2914572864321608
(57, 58, 89)	 0.22946544980443287
(55, 123, 127)	 0.2788990825688073
(45, 48, 81)	 0.38461538461538464
(1, 9, 10, 15, 37)	 0.3944153577661431
(38, 70, 71)	 0.33421750663129973
(1, 5, 24, 39)	 0.39803439803439805
(1, 4, 71)	 0.3431952662721894
(42, 72, 82)	 0.38526912181303113
(51, 140)	 0.09056024558710668
(43, 50, 92, 96)	 0.23376623376623376
(22, 27, 31, 35)	 0.24022346368715083
(16, 42, 156)	 0.12441093308199812
(27, 76, 81)	 0.15073115860517433
(44, 111)	 0.14830508474576273
(41, 120)	 0.08378870673952642
(1, 76, 77)	 0.375
(69, 120)	 0.18666666666666665
(1, 4, 13, 104)	 0.16554809843400448
(100, 114)	 0.23448275862068965
(40, 44, 60)	 0.49729729729729727
(36, 37, 38, 54)	 0.5174825174825175
(91, 143)	 0.23350253807106602
(4, 18, 22, 32, 34)	 0.34163701067615654
(1, 33, 37)	 0.3846153846153846
(80, 111, 119)	 0.3415682062298604
(27, 72, 73)	 0.2476489028213166
(55, 66, 67)	 0.37380627557980906
(1, 7, 25)	 0.3893129770992367
(1, 17, 20, 22, 23)	 0.38247011952191234
(1, 27, 61)	 0.46153846153846156
(20, 22, 77)	 0.21497120921305185
(13, 33, 35, 63)	 0.15211267605633802
(37, 62, 151)	 0.1875658587987355
(1, 17, 36)	 0.33018867924528306
(1, 72, 94)	 0.31288343558282206
(29, 35, 58)	 0.24904214559386975
(5, 27, 48)	 0.1577726218097448
(28, 170)	 0.1378299120234604
(7, 75, 76)	 0.29203539823008845
(44, 62, 65)	 0.33138401559454195
(25, 31)	 0.08078335373317012
(1, 50, 58)	 0.17577197149643706
(2, 45, 49)	 0.13459516298633017
(1, 21, 22, 23, 25)	 0.5233644859813085
(109, 120, 124)	 0.22299651567944248
(3, 9, 15, 23, 30)	 0.3025210084033613
(1, 28, 42, 46)	 0.2589928057553957
(48, 87, 88)	 0.3548387096774193
(27, 29, 31, 32, 42)	 0.38289205702647655
(1, 16, 26, 27)	 0.4466666666666667
(6, 35, 37)	 0.25378346915017463
(8, 60, 61, 63)	 0.32779097387173395
(65, 86, 93)	 0.28424304840370757
(3, 16, 40)	 0.18573797678275292
(2, 25, 33, 34)	 0.26720647773279355
(17, 62, 83)	 0.3333333333333333
(20, 83, 94)	 0.28497409326424866
(14, 15, 18, 19, 25)	 0.5174825174825175
(6, 8, 10, 11)	 0.23689320388349513
(11, 12, 15, 71)	 0.4691358024691358
(1, 5, 15, 16, 38)	 0.3529411764705882
(12, 34, 47, 58)	 0.24329159212880141
(5, 45, 63, 70)	 0.3684210526315789
(9, 10, 13)	 0.2488888888888889
(6, 49, 55)	 0.2823803967327888
(2, 19, 86)	 0.5486725663716815
(1, 2, 25)	 0.28502415458937197
(21, 33, 43, 46)	 0.3901689708141321
(98, 149, 170)	 0.2869757174392936
(44, 52, 62)	 0.40607210626185963
(4, 11, 12, 24)	 0.28488372093023256
(20, 31, 37, 40)	 0.24827586206896557
(52, 57, 61)	 0.42990654205607476
(7, 19, 23, 24)	 0.47517730496453897
(1, 2, 11, 12)	 0.2142857142857143
(3, 80, 92)	 0.2214022140221402
(3, 9, 32, 41)	 0.28985507246376807
(34, 41, 47)	 0.5698324022346369
(1, 11, 28)	 0.21439509954058192
(58, 106)	 0.10683012259194395
(9, 64, 65)	 0.19553072625698326
(31, 54, 85)	 0.2159214830970556
(28, 45, 106)	 0.3939393939393939
(4, 53, 78)	 0.25409836065573765
(37, 49, 70)	 0.1729490022172949
(1, 9, 49, 60)	 0.3074866310160428
(38, 73, 96)	 0.2713754646840149
(16, 54, 74)	 0.1812191103789127
(51, 65, 72)	 0.16692913385826771
(3, 56, 61)	 0.4054054054054054
(21, 24, 78)	 0.19957537154989385
(25, 55, 79)	 0.28365384615384615
(1, 3, 34)	 0.25170068027210885
(1, 61, 79)	 0.26877470355731226
(64, 65, 129)	 0.27868852459016386
(10, 14, 39, 55)	 0.4210526315789473
(1, 2, 30, 31)	 0.4841269841269842
(20, 29, 35, 44, 52)	 0.4688090737240076
(1, 4, 11, 25, 38)	 0.31213872832369943
(73, 93, 95)	 0.22869955156950675
(21, 33, 47)	 0.14193548387096774
(5, 9)	 0.16666666666666669
(1, 3, 4)	 0.1468085106382979
(56, 63, 64)	 0.39540229885057476
(7, 10, 14, 23)	 0.23676012461059187
(36, 92, 155)	 0.2597114317425083
(31, 68, 73, 76)	 0.31610942249240126
(1, 21, 55, 56)	 0.38532110091743116
(83, 86, 98)	 0.3401360544217687
(65, 85, 89)	 0.26262626262626265
(72, 83, 84)	 0.22031473533619458
(4, 5, 6, 18, 19)	 0.2580645161290323
(8, 58, 118)	 0.23643410852713181
(26, 57, 117)	 0.2762237762237762
(35, 80, 95)	 0.38445807770961143
(2, 25, 38, 39)	 0.519163763066202
(37, 54, 94)	 0.2828282828282828
(3, 35, 42, 64)	 0.38364779874213834
(3, 6, 8, 9, 10)	 0.38545454545454544
(6, 10, 92)	 0.20435510887772196
(15, 101, 158)	 0.21806853582554517
(8, 27, 28, 29, 40)	 0.4041811846689895
(8, 10, 11)	 0.33136094674556216
(96, 97)	 0.10976744186046511
(1, 5, 35, 50)	 0.23296703296703297
(1, 91, 112)	 0.16032064128256512
(1, 4, 11, 28, 35)	 0.375366568914956
(4, 8, 39)	 0.28415300546448086
(38, 79, 93)	 0.29780033840947545
(4, 25, 60)	 0.3068017366136035
(20, 23, 27, 29, 30)	 0.275
(29, 64, 94)	 0.34076015727391873
(36, 41, 67)	 0.4887983706720977
(1, 10, 11, 74, 75)	 0.28865979381443296
(1, 17, 83)	 0.2088607594936709
(37, 77, 86)	 0.15664335664335666
(3, 92, 103)	 0.13931523022432113
(7, 9, 44, 48, 49)	 0.22950819672131148
(1, 15, 20)	 0.4497041420118343
(22, 34, 35)	 0.15599999999999997
(1, 18, 19, 20, 42)	 0.22384428223844283
(12, 31, 32, 33, 36)	 0.3129584352078239
(4, 5, 10, 11, 35)	 0.5255813953488373
(33, 34)	 0.4
(16, 36, 38, 40, 44)	 0.13806706114398423
(7, 40, 61)	 0.19106317411402157
(4, 6, 14, 37)	 0.24667931688804554
(54, 56, 75)	 0.3594080338266385
(46, 192, 203)	 0.2769726247987117
(1, 4, 8, 19)	 0.3252032520325204
(3, 4, 64)	 0.3182640144665461
(1, 16, 25, 45)	 0.31724137931034485
(53, 79)	 0.07903225806451612
(35, 67, 69)	 0.25806451612903225
(10, 120, 124)	 0.24539877300613497
(16, 28, 32, 34, 38)	 0.3304347826086957
(64, 66, 104)	 0.27602905569007263
(2, 53, 54, 57)	 0.31072210065645517
(28, 31, 32, 33)	 0.4210526315789474
(34, 45, 95)	 0.34332425068119893
(8, 14, 19, 27)	 0.3352601156069364
(44, 137, 138)	 0.30769230769230765
(1, 21, 106)	 0.17699115044247787
(19, 20, 46, 78)	 0.3149606299212599
(19, 83, 127)	 0.2574712643678161
(1, 87, 111)	 0.1675874769797422
(3, 16, 20)	 0.1818181818181818
(2, 105)	 0.14320388349514562
(55, 63)	 0.11487179487179489
(1, 94, 123)	 0.23427331887201736
(14, 32)	 0.17402597402597403
(114, 117)	 0.26204238921001927
(80, 129)	 0.09973753280839895
(85, 86, 87)	 0.34532374100719426
(1, 37, 76)	 0.1680672268907563
(30, 109, 123)	 0.3746397694524496
(4, 105, 121)	 0.25688073394495414
(27, 50)	 0.18975332068311196
(44, 45, 73)	 0.2531645569620253
(137, 144)	 0.20370370370370372
(6, 60, 74)	 0.34254143646408847
(32, 53, 62)	 0.26239067055393583
(5, 67, 98)	 0.2217741935483871
(20, 38, 59)	 0.2871536523929471
(1, 4, 71)	 0.17058823529411768
(18, 20, 49, 50)	 0.2823061630218688
(1, 9, 23, 28)	 0.226890756302521
(25, 50, 54)	 0.25961538461538464
(2, 15, 46, 49)	 0.276595744680851
(2, 28, 33)	 0.15350877192982457
(1, 2, 7, 10, 25)	 0.326241134751773
(2, 5, 38)	 0.5259515570934257
(25, 34, 62)	 0.27891156462585037
(28, 39, 46)	 0.42751842751842756
(40, 53, 57)	 0.3773584905660377
(67, 92)	 0.10341463414634147
(51, 58, 64)	 0.26931567328918327
(16, 17, 38)	 0.14935064935064934
(29, 30, 68, 72)	 0.24324324324324326
(41, 50, 51, 57)	 0.19712525667351133
(22, 25, 74)	 0.09756097560975611
(4, 63, 84)	 0.3781094527363184
(2, 41, 46)	 0.248
(1, 14, 72)	 0.17465753424657535
(1, 2, 4, 10, 12)	 0.17490494296577946
(9, 15, 18, 19, 25)	 0.39999999999999997
(2, 49, 69)	 0.30576441102756896
(32, 38, 56)	 0.11908396946564885
(15, 25, 27, 53)	 0.34459459459459457
(5, 56, 93)	 0.2534854245880862
(61, 72, 91)	 0.17206477732793524
(3, 10, 24)	 0.2241086587436333
(4, 57, 58, 63)	 0.3487544483985765
(6, 19, 21, 61)	 0.3914893617021276
(22, 39, 77)	 0.1642512077294686
(1, 21, 48)	 0.2083897158322057
(72, 73, 75)	 0.3799472295514512
(14, 30, 49)	 0.42955326460481097
(23, 86, 87)	 0.45938375350140054
(1, 19, 34, 52)	 0.29579375848032563
(52, 56, 88)	 0.5833333333333334
(70, 73, 107)	 0.23321554770318023
(11, 50, 99)	 0.3706293706293707
(19, 22, 46, 52)	 0.32365145228215764
(28, 30, 39)	 0.31666666666666665
(9, 63)	 0.1749174917491749
(10, 38, 110)	 0.19999999999999998
(59, 61, 62)	 0.6533333333333333
(12, 96)	 0.19238476953907815
(3, 88, 97)	 0.28310502283105027
(37, 45)	 0.3448275862068966
(51, 52)	 0.14331210191082802
(19, 43, 63)	 0.177319587628866
(1, 3, 34, 40)	 0.2535211267605634
(1, 7, 12, 18, 25)	 0.2721518987341772
(98, 105, 134)	 0.23803009575923392
(32, 44, 45, 54)	 0.36546762589928056
(1, 10, 56)	 0.15765069551777436
(5, 47, 48)	 0.20492866407263297
(20, 52, 60)	 0.2644163150492264
(2, 7, 8, 9, 16)	 0.20195439739413681
(4, 5, 6, 20, 23)	 0.5422222222222223
(69, 70, 84)	 0.4276169265033407
(1, 4, 18, 27, 36)	 0.16470588235294115
(40, 59)	 0.09686221009549795
(16, 62, 76)	 0.3448275862068965
(1, 17, 89)	 0.19047619047619044
(7, 8, 14, 21, 24)	 0.20408163265306123
(2, 3, 8, 21, 36)	 0.34137291280148424
(15, 35, 38, 39)	 0.2489082969432314
(2, 127)	 0.08183632734530939
(4, 36, 106)	 0.16548463356973994
(2, 77, 117)	 0.17223650385604114
(3, 32, 33, 34)	 0.33623188405797105
(23, 67)	 0.2448979591836735
(2, 90, 92)	 0.2569444444444444
(3, 25, 27, 69)	 0.3322475570032573
(1, 45, 50, 56)	 0.46357615894039733
(5, 59, 65)	 0.12794612794612795
(11, 18, 29, 43)	 0.24930747922437674
(2, 135, 151)	 0.1542168674698795
(23, 117, 136)	 0.22662889518413595
(98, 99, 105)	 0.49258160237388726
(24, 61, 78)	 0.20505617977528093
(1, 36, 57)	 0.5345911949685535
(41, 99, 102)	 0.16352201257861637
(1, 15, 45)	 0.20853080568720378
(118, 132)	 0.19715224534501644
(1, 11, 41)	 0.3881278538812786
(9, 28, 32, 34)	 0.4045977011494253
(3, 19, 20, 32, 33)	 0.13099041533546327
(3, 7, 88)	 0.31460674157303375
(38, 72, 73)	 0.10113780025284448
(7, 13, 25)	 0.1792452830188679
(31, 49, 99)	 0.16331994645247658
(33, 56, 61)	 0.20486111111111113
(42, 78, 92)	 0.266199649737303
(3, 16, 26, 28, 29)	 0.37341772151898733
(38, 40, 48, 75)	 0.3621794871794872
(5, 6, 7, 8, 30)	 0.4215686274509804
(1, 2, 23, 25, 29)	 0.18587360594795538
(1, 11, 12, 14, 27)	 0.22
(6, 10, 13, 15, 17)	 0.35475578406169667
(1, 4, 9, 22)	 0.24404761904761904
(19, 30, 40)	 0.26443202979515823
(42, 61, 79)	 0.21806853582554517
(1, 24)	 0.3405275779376499
(25, 30, 68, 70)	 0.3191489361702127
(2, 19, 21, 22, 25)	 0.3155080213903743
(22, 26, 30, 35, 36)	 0.4049586776859504
(39, 54, 55)	 0.43859649122807015
(32, 33, 34)	 0.34368530020703936
(73, 109, 116)	 0.16020671834625325
(1, 12, 17, 32, 35)	 0.3680297397769517
(5, 94, 96)	 0.28843106180665606
(11, 20, 51)	 0.26153846153846155
(1, 4, 5, 30)	 0.17789757412398924
(41, 54, 77)	 0.3977272727272727
(5,)	 0.09836065573770493
(15, 16, 17, 34)	 0.42713567839195976
(1, 29, 41, 55)	 0.2127659574468085
(49, 69)	 0.10865874363327674
(2, 3, 9, 26, 28)	 0.37547892720306514
(20, 21, 42, 50)	 0.3393501805054152
(2, 9, 10, 19, 24)	 0.3649373881932021
(9, 11, 23, 47)	 0.24018475750577367
(1, 4, 6, 7, 10)	 0.3015075376884422
(4, 7)	 0.1794871794871795
(21, 27, 33, 65)	 0.2573363431151241
(1, 2, 69)	 0.25622775800711745
(2, 3, 4)	 0.36974789915966383
(18, 44, 52, 53)	 0.4148148148148148
(6, 32, 33, 50)	 0.3793103448275862
(83, 124, 125)	 0.30769230769230765
(7, 26, 27, 35)	 0.3850931677018634
(1, 9, 16, 18, 25)	 0.3055555555555555
(6, 13, 15, 36, 37)	 0.29515418502202645
(16, 25, 29, 56)	 0.2131578947368421
(1, 22, 25, 28, 30)	 0.23927765237020315
(13, 19, 67)	 0.21963824289405687
(1, 2, 11, 12, 31)	 0.17355371900826447
(2, 57)	 0.4526315789473685
(2, 3, 6, 9, 52)	 0.25333333333333335
(19, 51)	 0.1762545899632803
(48, 61, 81)	 0.3771043771043771
(62, 108, 109)	 0.3091247672253259
(26, 28, 60, 61)	 0.25877192982456143
(38, 63)	 0.14947683109118085
(67, 72, 85)	 0.23076923076923078
(98, 122)	 0.10109018830525272
(2, 4, 27, 32, 34)	 0.43750000000000006
(53, 57)	 0.11428571428571428
(3, 66, 78)	 0.16949152542372883
(38, 65, 77)	 0.28223844282238447
(17, 45)	 0.10739856801909309
(12, 13, 46)	 0.32
(3, 52, 68)	 0.2297872340425532
(2, 20, 21, 54)	 0.3842105263157895
(35, 40, 52)	 0.20887728459530025
(39, 76, 78)	 0.15590200445434296
(20, 22, 25, 33)	 0.2687224669603524
(3, 4, 29, 36, 43)	 0.29065743944636674
(8, 12, 35, 49)	 0.19672131147540983
(42, 76, 109)	 0.3618090452261306
(2, 13, 32, 39)	 0.2222222222222222
(65, 99, 116)	 0.1861777150916784
(34, 45, 48)	 0.1767441860465116
(1, 122, 124)	 0.2894736842105263
(2, 53, 71, 72)	 0.4677966101694915
(2, 27, 36)	 0.32019704433497537
(84, 131)	 0.12313432835820896
(6, 150, 151)	 0.4942084942084943
(18, 99, 125)	 0.2271293375394322
(1, 4, 8, 28)	 0.23204419889502764
(25, 43, 53)	 0.19032761310452417
(2, 72, 90)	 0.30493273542600896
(2, 6, 9, 10, 35)	 0.19710144927536233
(2, 15, 37, 67)	 0.2525773195876289
(17, 18, 19, 20, 28)	 0.24528301886792456
(1, 7, 25, 28)	 0.34686346863468626
(1, 30, 37, 42)	 0.3944223107569721
(11, 40, 86)	 0.21517553793884484
(52, 59, 61, 63)	 0.49292929292929294
(5, 13, 14, 18, 23)	 0.525974025974026
(54, 59, 81)	 0.411214953271028
(34, 110, 113)	 0.3361823361823362
(74, 87, 107)	 0.5610859728506787
(9, 80, 86)	 0.3123644251626898
(30, 42, 56)	 0.29931972789115646
(1, 20, 24)	 0.15232974910394265
(2, 13, 14, 75)	 0.1911262798634812
(3, 13, 48)	 0.14206437291897894
(124, 138)	 0.10196078431372549
(38, 52, 53)	 0.2747474747474747
(50, 57, 71)	 0.33333333333333337
(20, 29, 41)	 0.3046092184368737
(10, 12, 36, 40, 41)	 0.3965014577259475
(1, 8, 10, 25)	 0.20842572062084258
(1, 13, 14, 27, 31)	 0.3037249283667621
(57, 80, 86)	 0.37209302325581395
(23, 29, 34, 37)	 0.2867132867132867
(11, 16, 17)	 0.38626609442060084
(1, 4, 10, 15, 45)	 0.368515205724508
(80, 90, 103)	 0.23575638506876231
(15, 39, 62)	 0.33698030634573306
(4, 23, 48)	 0.21696801112656466
(104, 138)	 0.10973084886128365
(40, 59, 68)	 0.21978021978021975
(14, 38, 52)	 0.23684210526315788
(3, 36, 44)	 0.38461538461538464
(22, 24, 69)	 0.3187250996015936
(48, 87)	 0.095852534562212
(1, 26, 28, 32)	 0.4630071599045346
(1, 14, 28, 29)	 0.3683083511777302
(12, 14, 15, 24)	 0.4807256235827664
(21, 32, 45)	 0.18250950570342206
(1, 93, 96, 98)	 0.4169611307420495
(27, 34, 39)	 0.24596774193548385
(54, 55, 57)	 0.2785923753665689
(2, 3, 11, 27, 29)	 0.4599303135888502
(21, 58, 63)	 0.1854636591478697
(5, 27, 42, 46)	 0.2891566265060241
(8, 59, 70, 72)	 0.28428927680798005
(22, 49, 54)	 0.3620689655172414
(1, 8, 27, 51)	 0.4184782608695652
(19, 28, 52, 53)	 0.32898172323759794
(7, 14, 29, 30)	 0.4158415841584159
(6, 53, 56)	 0.291044776119403
(52, 66, 76, 77)	 0.47896440129449847
(7, 8, 19, 53)	 0.23493975903614459
(25, 50, 52)	 0.2662538699690402
(26, 27, 51, 63)	 0.46902654867256643
(11, 67, 68)	 0.34757834757834766
(13, 14, 43)	 0.15955056179775282
(2, 20, 22, 25, 40)	 0.23265306122448984
(83, 107, 108, 109)	 0.3463855421686748
(1, 3, 30, 35)	 0.30337078651685395
(12, 16, 19, 34)	 0.4592592592592592
(1, 10, 55)	 0.11542730299667035
(2, 24, 29)	 0.4699140401146132
(16, 58, 95)	 0.2182890855457227
(44, 65, 66)	 0.23652173913043478
(65, 77, 107)	 0.3503184713375796
(27, 91, 102)	 0.16381418092909536
(1, 12, 14, 18)	 0.26898047722342733
(12, 37, 63)	 0.1917808219178082
(1, 2, 35, 51, 52)	 0.2065217391304348
(26, 30, 44)	 0.26700251889168763
(1, 19, 21, 22)	 0.29569892473118276
(1, 23, 25, 35, 39)	 0.24279835390946508
