(1, 35, 43, 64)	 0.1137855579868709
(1, 7, 10, 24, 28)	 0.14253897550111358
(4, 6, 23, 24, 25)	 0.20869565217391303
(38, 39, 40, 64)	 0.17478991596638654
(1, 4, 17)	 0.14285714285714288
(0,)	 0.10852713178294573
(1, 2)	 0.18018018018018017
(1, 8, 18, 22)	 0.1212121212121212
(0, 12, 25)	 0.18490566037735848
(2, 4, 8)	 0.13114754098360656
(0, 16, 26, 37)	 0.18470705064548162
(0, 2, 5, 8, 10)	 0.19410745233968804
(5, 8, 11, 14, 21)	 0.20444444444444446
(3, 4)	 0.0819672131147541
(3, 7, 12, 21, 23)	 0.17897091722595077
(1, 2, 15)	 0.15652173913043477
(16, 28, 88)	 0.15177713736791545
(1, 2, 64)	 0.10285714285714286
(3, 45, 46)	 0.2685589519650655
(18, 26, 34)	 0.11887072808320952
(3, 4, 6, 10, 12)	 0.24434389140271492
(8, 15, 16, 32)	 0.36332767402376914
(9, 24, 26, 38)	 0.2717948717948718
(7, 19, 22)	 0.2448979591836735
(3, 12, 13)	 0.23376623376623376
(3, 8, 15, 16, 17)	 0.19199999999999998
(7, 8, 9, 12)	 0.13095238095238093
(2, 4, 5, 7, 20)	 0.36866359447004604
(21, 22, 25, 26)	 0.2693156732891832
(24, 29, 30, 38)	 0.3283018867924528
(2, 59, 69)	 0.16981132075471697
(1, 14)	 0.422360248447205
(6, 9)	 0.288
(4, 5, 6, 9, 10)	 0.2066666666666667
(2, 3, 8, 12)	 0.15625
(1, 2, 3, 19)	 0.30851063829787234
(25, 33, 41)	 0.22138836772983117
(4,)	 0.2777777777777778
(1, 9, 10, 15)	 0.16806722689075632
(9, 10, 14, 17, 18)	 0.2508038585209003
(12, 47, 50)	 0.27835051546391754
(26, 45, 58)	 0.21333333333333332
(6, 24, 30)	 0.14953271028037385
(9, 16, 17, 26, 27)	 0.35797665369649806
(1, 17, 25, 27)	 0.24324324324324323
(1, 2, 3, 4, 11)	 0.2579281183932347
(3, 15, 22, 25, 26)	 0.23595505617977527
(5, 28, 37)	 0.2506459948320413
(1, 2, 3, 12)	 0.3717948717948718
(2, 5, 8, 14, 19)	 0.2216624685138539
(2, 3, 5, 38)	 0.17810760667903525
(2, 4, 5, 6, 10)	 0.2111111111111111
(4, 7, 11, 13, 16)	 0.3057090239410682
(8, 9, 17, 20)	 0.32098765432098764
(7, 9, 18, 23)	 0.32286995515695066
(1, 3, 10, 16, 22)	 0.2178988326848249
(4, 5, 11, 14, 15)	 0.2167832167832168
(19, 23, 29, 35)	 0.26436781609195403
(7, 9)	 0.2340425531914894
(2, 12, 13, 20, 26)	 0.3373493975903615
(3, 11, 24, 25, 27)	 0.24737945492662472
(4, 6, 7, 16, 26)	 0.4416666666666667
(9, 13, 14, 15, 21)	 0.3757225433526011
(40, 50, 51)	 0.25925925925925924
(5, 8, 32, 33, 34)	 0.15384615384615385
(8, 28, 43, 44)	 0.2797202797202797
(8, 23, 29, 43)	 0.2275862068965517
(2, 3, 9, 10)	 0.18000000000000002
(8, 13, 17)	 0.25531914893617025
(7, 15, 36, 37)	 0.3418803418803419
(1, 5, 6, 7)	 0.1644736842105263
(4, 8)	 0.23766816143497757
(2, 3, 11, 13, 17)	 0.26595744680851063
(5, 19, 25, 31)	 0.3569794050343249
(11, 12, 15, 25, 26)	 0.264516129032258
(3, 7, 13, 25)	 0.3058103975535168
(38, 49, 53)	 0.3300970873786408
(11, 13, 18, 29)	 0.26576576576576577
(1, 4, 27, 49)	 0.24907063197026022
(5, 8, 10)	 0.256578947368421
(2, 8, 23, 31)	 0.22022471910112362
(6, 10)	 0.17038539553752535
(17, 18, 21)	 0.3424124513618677
(21, 28, 35, 46)	 0.4072164948453609
(52, 54, 57)	 0.20785219399538102
(12, 18, 22, 30)	 0.3288888888888889
(14, 21, 55)	 0.2595419847328244
(10, 14, 17, 28)	 0.31238095238095237
(2, 15, 16, 28)	 0.2352941176470588
(1, 10)	 0.30270270270270266
(5, 10, 17, 18, 30)	 0.3409090909090909
(1, 4, 8)	 0.13333333333333333
(2, 7, 14, 23)	 0.28387096774193554
(4, 11, 21, 36)	 0.21341463414634146
(10, 14, 20)	 0.28923076923076924
(8, 20)	 0.3404255319148936
(8, 9, 32, 41)	 0.26459143968871596
(13, 21, 24, 27, 28)	 0.4197530864197531
(6, 7, 20)	 0.23300970873786409
(11, 12, 14)	 0.3017543859649123
(12, 22)	 0.36078431372549014
(2, 27, 31, 34)	 0.27555555555555555
(2, 6, 10, 13, 20)	 0.3076923076923077
(48, 51, 70)	 0.22799999999999998
(11, 19, 21)	 0.23300970873786409
(5, 7)	 0.3333333333333333
(31, 36, 46)	 0.23648648648648649
(6, 7, 8)	 0.1256544502617801
(2, 4, 5, 7)	 0.34309623430962344
(1, 2, 4)	 0.1532258064516129
(7, 16, 19, 27)	 0.17857142857142855
(0, 21, 30, 33)	 0.2509505703422053
(12, 24, 38, 41)	 0.22807017543859653
(8, 9, 10)	 0.3210702341137123
(7, 21, 33)	 0.16796267496111975
(4, 17, 27)	 0.16420361247947454
(13, 19, 23, 25, 31)	 0.3060344827586207
(9,)	 0.2986425339366515
(11, 15, 17, 28)	 0.245
(2, 7, 10, 14, 19)	 0.25157232704402516
(1, 7, 11, 17, 18)	 0.26327944572748263
(3, 17, 23)	 0.2869198312236287
(5, 6, 29)	 0.22322775263951736
(4, 17, 18, 20, 22)	 0.2833333333333333
(1, 7, 10, 18, 19)	 0.27539503386004516
(6, 7, 11, 13, 16)	 0.3521739130434782
(2, 5, 9, 12, 14)	 0.3076923076923077
(54, 67, 74)	 0.2723004694835681
(8, 11, 17, 20, 23)	 0.38636363636363635
(5, 6)	 0.25196850393700787
(23, 24, 25)	 0.24892703862660942
(3, 5, 8, 12, 17)	 0.29145728643216073
(14, 18, 53)	 0.13781223083548663
(20, 21, 23, 32)	 0.35772357723577236
(1, 5, 12, 26)	 0.3273231622746186
(2, 11, 15, 16, 20)	 0.2695417789757412
(3, 4, 7)	 0.3314285714285714
(15, 44, 60, 62)	 0.24150943396226413
(16, 27, 50)	 0.20081967213114754
(10, 28, 80)	 0.16494845360824745
(7, 26, 37, 42)	 0.2654205607476635
(2, 5, 12, 20, 26)	 0.2548476454293629
(1, 2, 3, 8, 12)	 0.17886178861788615
(2, 4, 6)	 0.1879699248120301
(1, 18, 24, 29, 30)	 0.23873873873873874
(17, 33, 34)	 0.3283018867924528
(11, 12, 15)	 0.4047619047619048
(1, 6, 10, 15, 19)	 0.2770083102493075
(14, 30, 42, 44)	 0.2557544757033248
(1, 7, 11, 13, 28)	 0.21778584392014516
(8, 11, 14, 15, 23)	 0.2948717948717949
(2, 15, 16, 17, 20)	 0.337874659400545
(11, 28, 29, 39)	 0.341296928327645
(2, 13, 17, 18, 20)	 0.2719033232628399
(1, 4, 14, 40)	 0.19312602291325695
(9, 11, 17, 21)	 0.22269807280513917
(9, 16, 36)	 0.33210332103321033
(12, 20, 44)	 0.28019323671497587
(4, 7, 15, 23, 26)	 0.3083219645293315
(2, 4, 7, 14, 22)	 0.2912621359223301
(11, 25, 35, 36)	 0.3967611336032389
(1, 2, 14, 23, 36)	 0.19471947194719472
(28, 37, 52)	 0.2693333333333333
(16, 20, 25, 33)	 0.3053435114503817
(8, 9, 27)	 0.22972972972972974
(1, 37, 38, 41, 43)	 0.3806970509383378
(3, 20, 23, 31, 32)	 0.3057324840764331
(13, 19, 54)	 0.22125813449023862
(8, 9, 10, 24, 25)	 0.4985337243401759
(8, 9, 11, 12, 13)	 0.24043715846994534
(1, 3, 9, 21)	 0.218705035971223
(2, 19, 54)	 0.1616871704745167
(1, 10, 12)	 0.2412060301507538
(3, 8, 9, 12)	 0.13937282229965156
(6, 8)	 0.13559322033898305
(3, 5, 6, 9, 14)	 0.34418604651162793
(1, 7, 12, 13)	 0.2572347266881029
(2, 10, 13, 16, 17)	 0.22153846153846155
(12,)	 0.4335664335664336
(3, 8, 13, 23, 27)	 0.2716049382716049
(9, 11, 12, 15, 20)	 0.3529411764705882
(0, 14, 53)	 0.2900763358778626
(12, 13, 16, 20, 21)	 0.2579185520361991
(2, 3, 16, 32)	 0.3060428849902534
(4, 6, 13, 22, 25)	 0.3254237288135593
(5, 11, 14, 15, 21)	 0.26688102893890675
(11, 14, 16, 17)	 0.2981366459627329
(1, 3, 8, 30)	 0.17523809523809525
(25, 44, 63)	 0.17547169811320754
(3, 13, 15, 38)	 0.25464190981432355
(2, 4, 5, 6, 16)	 0.21957040572792363
(9, 21, 27)	 0.2939814814814815
(13, 25, 32, 33)	 0.2638522427440633
(1,)	 0.17796610169491525
(1, 9, 10, 18)	 0.2359249329758713
(1, 4, 10)	 0.46961325966850825
(14, 15, 16, 21)	 0.26363636363636367
(2, 6)	 0.0784313725490196
(0, 1)	 0.21768707482993196
(3, 5)	 0.2255639097744361
(0, 72, 73)	 0.09638554216867472
(5, 6, 10, 11)	 0.12549019607843137
(0, 1, 68)	 0.1836441893830703
(23, 39, 73)	 0.11644832605531297
(0, 4, 11)	 0.16153846153846155
(1, 6)	 0.08556149732620322
(1, 3, 4, 5, 10)	 0.17898832684824903
(3, 5, 10)	 0.15748031496062992
(2, 19)	 0.12592592592592594
(15, 18)	 0.3465703971119134
(1, 16, 17, 24, 26)	 0.1532258064516129
(1, 2, 12)	 0.14705882352941177
(4, 6, 8, 12, 20)	 0.2764976958525346
(21, 22, 26, 42)	 0.3342939481268012
(15, 20, 21, 31)	 0.17577197149643706
(8, 23, 25)	 0.3660477453580902
(2, 5, 9, 18, 20)	 0.20100502512562815
(4, 22, 38)	 0.3593964334705075
(1, 4, 6, 8, 11)	 0.16631130063965885
(1, 6, 26, 51)	 0.4470046082949309
(2, 7, 8, 17, 18)	 0.27405247813411077
(1, 5, 18)	 0.31833910034602075
(1, 2, 12, 17)	 0.32911392405063294
(1, 2, 22, 23, 24)	 0.13302752293577982
(1, 10, 13)	 0.41666666666666663
(1, 6, 15, 16)	 0.2753246753246753
(5, 13, 16, 19, 22)	 0.37777777777777777
(11, 12, 13, 17, 20)	 0.2844175491679274
(2, 4, 7, 8)	 0.2831858407079646
(6, 7, 8)	 0.19499999999999998
(1, 10, 14, 18)	 0.3612662942271881
(2, 5, 6, 18)	 0.11363636363636362
(4, 7, 19)	 0.26936026936026936
(6, 8, 9, 11, 26)	 0.3638888888888888
(6, 37, 51)	 0.13210445468509985
(4, 9, 18, 27)	 0.26883910386965376
(2, 5, 6, 7, 10)	 0.09482758620689656
(4, 37, 62)	 0.21782178217821782
(13, 15, 19, 22, 24)	 0.34736842105263155
(1, 9, 10, 17, 27)	 0.2706270627062706
(14, 15, 20)	 0.3888888888888889
(3, 4, 6, 8, 14)	 0.19387755102040816
(2, 3, 12, 24, 26)	 0.24019607843137256
(5, 6, 8, 12)	 0.14150943396226415
(1, 2, 3, 21, 25)	 0.3127413127413127
(3, 12, 17)	 0.2423146473779385
(14, 16, 19, 21)	 0.32238805970149254
(5, 16, 25, 26)	 0.19724770642201833
(1, 4, 7, 22, 25)	 0.2573529411764706
(5, 6)	 0.5479452054794521
(1, 5, 6, 10, 25)	 0.28191489361702127
(3, 12, 16, 17, 24)	 0.25754527162977864
(2, 8, 9, 15, 30)	 0.1774744027303754
(2, 11, 19, 27)	 0.2804123711340206
(2, 3, 4, 11, 18)	 0.2962962962962963
(13, 14, 16)	 0.1909547738693467
(0, 6, 7)	 0.325
(8, 12, 24, 33)	 0.17892644135188865
(2, 3, 8, 10)	 0.2937853107344633
(3, 4, 8, 9, 14)	 0.30921052631578944
(9, 10, 14, 22, 25)	 0.3153526970954357
(2, 8, 10, 14, 26)	 0.27628865979381445
(8, 10, 12)	 0.3247232472324723
(1, 6, 9, 11, 25)	 0.3581488933601609
(5, 6, 19, 22, 26)	 0.21305841924398625
(8, 10, 11, 25)	 0.3194444444444444
(11, 12, 13, 15, 18)	 0.437847866419295
(1, 3, 23, 37)	 0.31484257871064464
(1, 9, 10, 13)	 0.35741444866920147
(5, 7, 13, 15)	 0.3506493506493507
(1, 3, 4)	 0.17518248175182483
(2, 7, 10, 13, 21)	 0.255952380952381
(6, 9, 14, 16, 17)	 0.40559440559440557
(3, 4, 14, 21, 26)	 0.20654911838790932
(4, 5, 8, 16, 18)	 0.20785219399538102
(1, 4, 14)	 0.24365482233502536
(6, 10, 11, 12, 13)	 0.3141592920353982
(2, 6, 21)	 0.23197492163009403
(11, 13, 18, 31)	 0.2896174863387978
(7, 9, 15, 16, 21)	 0.32876712328767127
(3, 6, 10, 14)	 0.2839248434237996
(1, 3, 15, 21)	 0.23097112860892388
(7, 17, 20, 22, 23)	 0.304
(29, 31, 32)	 0.3176470588235294
(3, 7, 11, 13, 17)	 0.2908011869436201
(1, 8, 49, 50)	 0.34220532319391633
(3, 5)	 0.12987012987012989
(3, 4, 5, 11, 14)	 0.20731707317073172
(6,)	 0.2402826855123675
(3, 6, 11, 12, 13)	 0.2911392405063291
(5, 9, 11)	 0.1342281879194631
(1, 5, 7, 9)	 0.33953488372093016
(6, 12, 18, 19, 23)	 0.2558375634517766
(1, 8, 13, 15, 24)	 0.26048565121412803
(10, 16, 18, 20, 21)	 0.24218750000000003
(1, 2, 7)	 0.2528735632183908
(2, 9, 10, 24)	 0.21367521367521367
(11, 12, 15, 16)	 0.3728813559322034
(1, 5, 7, 19, 24)	 0.29450549450549457
(11, 12, 13, 22)	 0.40727272727272723
(1, 11, 15, 22, 27)	 0.29906542056074764
(1, 2, 6)	 0.09523809523809525
(1, 12, 21, 22)	 0.4690265486725664
(5, 9, 10, 14)	 0.30071599045346065
(16, 17, 18)	 0.37037037037037035
(3, 6, 9, 10, 14)	 0.18715596330275228
(17, 18, 40)	 0.19230769230769232
(6, 15, 16, 17, 18)	 0.35535307517084286
(8,)	 0.18400000000000002
(1, 3, 10, 24, 25)	 0.22545454545454544
(1, 3, 5, 10, 11)	 0.2194616977225673
(14, 24, 30)	 0.26168224299065423
(10, 22, 24, 26)	 0.2781065088757396
(10, 32, 36, 48)	 0.23418573351278602
(5, 13, 44)	 0.48888888888888893
(9, 10, 15, 26, 29)	 0.17266187050359713
(3, 6, 12, 17, 19)	 0.2825278810408922
(10, 11, 15, 32, 34)	 0.3841059602649007
(4, 13, 16, 17, 18)	 0.19157088122605365
(1, 2, 15)	 0.2711864406779661
(2, 11, 13, 14, 21)	 0.35318275154004114
(10, 11, 12, 18, 19)	 0.40760869565217395
(1, 2, 6, 18, 20)	 0.3083900226757369
(11, 31, 32, 34)	 0.2783018867924529
(1, 3, 27)	 0.2929936305732484
(28, 43, 58)	 0.19380888290713325
(1, 4, 15, 20, 22)	 0.25054945054945055
(3, 7, 19, 31, 32)	 0.22295081967213115
(1, 2, 8, 14, 15)	 0.19354838709677422
(7, 11, 39)	 0.21256038647342995
(20, 26, 32, 38)	 0.29193899782135074
(12, 20, 25, 33, 34)	 0.32779097387173395
(5, 19, 26)	 0.4187082405345211
(1, 3, 10, 11, 18)	 0.166073546856465
(1, 3, 10, 12, 15)	 0.20825852782764812
(5, 6, 11, 13, 15)	 0.26436781609195403
(1, 11, 14, 31)	 0.32608695652173914
(10, 12, 14, 22)	 0.26702997275204365
(20, 44, 49)	 0.25365853658536586
(9, 13, 18, 19)	 0.1847389558232932
(1, 6, 7)	 0.13253012048192772
(28, 55, 73)	 0.22988505747126436
(1, 2, 21, 38)	 0.3850931677018633
(1, 3, 8, 18)	 0.23255813953488375
(2, 8, 12, 13)	 0.25517241379310346
(2, 8, 9)	 0.4357976653696498
(0, 2, 22, 25)	 0.24757281553398058
(2, 4, 9, 10, 14)	 0.28336755646817247
(2, 12, 13, 19)	 0.19182948490230908
(2, 3, 5, 6, 13)	 0.19913419913419914
(5, 18, 33, 34)	 0.2647058823529412
(35, 47, 64)	 0.19778188539741218
(3, 4, 9, 14)	 0.4215116279069767
(1, 2, 7, 10, 11)	 0.26200873362445415
(1, 5, 6, 7, 8)	 0.2545454545454546
(12,)	 0.48120300751879697
(1, 5, 7, 20, 29)	 0.21809744779582363
(1, 2, 3, 6)	 0.2634146341463415
(1, 11, 13, 15, 18)	 0.3025830258302583
(4, 23, 24, 28)	 0.4802867383512545
(1, 2, 3)	 0.4948453608247423
(1, 6, 46, 48)	 0.1789473684210526
(2, 3, 4)	 0.4087591240875912
(1, 4)	 0.15238095238095237
(1, 2, 4, 8, 9)	 0.24358974358974358
(6, 7, 26, 27)	 0.5283018867924528
(35, 37, 51)	 0.23055555555555557
(1, 3, 22, 31)	 0.22743682310469315
(1, 2, 4, 11, 45)	 0.23404255319148937
(13, 22, 25, 26, 28)	 0.4184100418410042
(7, 13, 21, 27)	 0.38256658595641646
(0, 2, 5, 11, 16)	 0.2113821138211382
(2, 10, 20, 22, 32)	 0.2909090909090909
(1, 2, 3, 6)	 0.12017167381974247
(1, 11, 25, 34)	 0.2394822006472492
(12, 16, 27, 32)	 0.31362467866323906
(3, 7, 9, 11, 12)	 0.2335766423357664
(5, 12, 20, 21)	 0.3063063063063063
(17, 18, 27)	 0.3066202090592335
(0, 2, 19, 21)	 0.31262525050100204
(5, 8, 14, 24, 29)	 0.29155313351498635
(22, 72, 79)	 0.22904368358913815
(6, 14, 15, 16, 18)	 0.2710027100271003
(7, 9, 12, 19, 20)	 0.3080357142857143
(11, 12, 34, 52)	 0.31378763866877973
(1, 2, 57, 61)	 0.22657952069716777
(14, 16, 24, 30)	 0.3227953410981697
(8, 20, 62)	 0.2600896860986547
(6, 10, 11, 16)	 0.2681159420289855
(7, 22, 39, 41, 47)	 0.3241025641025641
(0, 3)	 0.1416666666666667
(1, 7, 13, 16, 28)	 0.14232209737827714
(1, 2, 7)	 0.18398096748612214
(7, 13, 15, 19, 20)	 0.26118067978533094
(3, 8, 10)	 0.25414364640883974
(9, 11, 18, 19, 22)	 0.33603238866396756
(0, 1, 3, 10, 13)	 0.07476635514018691
(1, 23, 26, 49)	 0.3053892215568862
(1, 12, 13, 16, 25)	 0.24209714726291442
(2, 3, 7, 21)	 0.12227074235807861
(1, 3, 6, 9)	 0.19321148825065274
(10, 11, 17, 22, 26)	 0.09090909090909091
(2, 5, 6, 13)	 0.2181818181818182
(0, 21, 22, 25, 26)	 0.2090909090909091
(0,)	 0.4050632911392405
(1, 3, 8, 9)	 0.25837320574162675
(2, 17, 26, 28, 36)	 0.2642857142857143
(6, 9, 14)	 0.1619718309859155
(1, 17, 28, 45)	 0.22327790973871733
(1, 9, 10, 17, 18)	 0.2644067796610169
(5, 10, 18)	 0.47540983606557374
(4, 5, 8)	 0.15217391304347827
(17, 22, 27)	 0.14027149321266968
(1, 2, 3, 5, 9)	 0.34334763948497854
(1, 17, 51)	 0.15458937198067632
(1, 11, 18, 24)	 0.36000000000000004
(2, 10, 78)	 0.1813186813186813
(13, 20, 24, 30)	 0.15748031496062992
(1, 9, 45)	 0.15647921760391198
(5, 20, 26, 27, 28)	 0.2450592885375494
(1, 4, 6, 15, 24)	 0.17826617826617827
(17, 41, 44)	 0.2051282051282051
(5, 19, 36)	 0.17948717948717946
(38, 61, 62)	 0.1057542768273717
(3, 33, 39, 42)	 0.13177470775770458
(0, 2, 20, 40)	 0.2566037735849057
(4, 12, 14, 17, 24)	 0.15811373092926492
(1, 3, 4)	 0.1268882175226586
(12, 17, 41)	 0.22594142259414227
(1, 2, 4, 21, 25)	 0.22929936305732482
(15, 19, 60)	 0.16779431664411368
(1, 8, 27)	 0.38655462184873957
(1,)	 0.20224719101123595
(12, 27, 33)	 0.22988505747126436
(23, 28, 31)	 0.18487394957983194
(1, 9)	 0.18421052631578946
(0, 3, 9, 12, 14)	 0.1326259946949602
(31, 32, 41)	 0.11232449297971919
(2, 8, 34, 40)	 0.30226700251889166
(2, 14, 19)	 0.1724137931034483
(27, 59, 60)	 0.4013605442176871
(5, 13, 27)	 0.2346041055718475
(1, 6, 9)	 0.16521739130434784
(24, 27, 28, 32)	 0.145748987854251
(1, 2, 5, 6, 11)	 0.16831683168316833
(11, 17, 18)	 0.1352657004830918
(6, 20, 22, 24)	 0.16541353383458648
(1, 5, 9, 11)	 0.2198391420911528
(3, 15, 25, 27, 29)	 0.24630541871921183
(1, 8, 13, 14)	 0.15384615384615385
(3, 5, 15)	 0.208955223880597
(6, 7, 15, 20, 26)	 0.21288515406162464
(10, 16, 18)	 0.14163614163614163
(1, 5, 12, 19, 24)	 0.16037735849056606
(6, 7, 17, 19)	 0.27860696517412936
(64, 72, 84)	 0.186046511627907
(0, 3, 5, 12, 14)	 0.2068965517241379
(13, 17, 18)	 0.16554809843400448
(10, 14, 28, 31)	 0.24561403508771928
(2, 6, 7)	 0.2747252747252747
(11, 13, 25, 26, 35)	 0.5126353790613719
(30, 36, 46)	 0.4009111617312073
(0, 16)	 0.16243654822335024
(0, 7, 11, 28)	 0.13538461538461538
(6, 12, 16)	 0.3125
(1, 2, 3, 9, 11)	 0.4236902050113895
(5, 10, 12, 31)	 0.22812499999999997
(6, 9, 10, 11)	 0.4281984334203655
(1, 3, 10, 14, 19)	 0.16113744075829384
(5, 8)	 0.15510204081632653
(14, 26, 31, 37)	 0.23307086614173228
(4, 7)	 0.061349693251533735
(1, 24, 32, 33)	 0.27464788732394363
(3, 4, 17, 24, 39)	 0.23308270676691728
(34, 42, 44)	 0.13013698630136986
(0, 25, 30)	 0.20521739130434782
(0, 1, 7, 12, 13)	 0.2466747279322854
(4, 6, 9)	 0.1981981981981982
(1, 5, 11, 17, 24)	 0.18352059925093633
(22, 29, 47)	 0.15135135135135133
(6, 7, 26, 32)	 0.21428571428571427
(9, 16, 51)	 0.12823397075365578
(3, 6, 13, 16, 17)	 0.2568807339449542
(0, 1, 6, 10)	 0.27240143369175623
(3, 8)	 0.32835820895522394
(4, 8, 36)	 0.24105461393596986
(6, 12, 13, 15, 22)	 0.21553884711779447
(0,)	 0.15483870967741933
(1,)	 0.3052631578947369
(0, 2, 6, 7, 14)	 0.30174563591022446
(0, 12, 20, 32)	 0.20924574209245744
(9, 26, 27, 45)	 0.18434343434343434
(0, 6, 7, 11, 21)	 0.28939828080229224
(4, 5, 14)	 0.16666666666666669
(3, 5, 17, 22)	 0.18538324420677363
(2, 14, 17, 19)	 0.19928825622775803
(0, 2, 7, 11, 12)	 0.18473895582329317
(0, 6, 33, 42)	 0.15467625899280577
(14, 19, 20, 43)	 0.17659137577002054
(26, 43, 46)	 0.1510015408320493
(0, 15, 20, 21, 25)	 0.25388601036269426
(1, 5, 13, 30)	 0.19184123484013232
(1, 7, 19)	 0.23218997361477572
(0, 7, 28, 37, 41)	 0.2619589977220957
(1, 10, 17, 19, 22)	 0.1931464174454829
(5, 6, 12, 13, 14)	 0.23217922606924643
(11, 14, 24, 28, 31)	 0.20668693009118544
(0, 9, 37, 39)	 0.09388839681133747
(1, 18, 24, 40)	 0.2712765957446809
(7, 9, 24, 25)	 0.18223234624145787
(5, 10, 17, 19, 30)	 0.24661246612466126
(1, 5, 6, 8, 9)	 0.14311270125223613
(6, 9, 10, 20, 23)	 0.2405857740585774
(3, 10, 15)	 0.145
(0, 1, 2)	 0.12921348314606743
(1, 2)	 0.04545454545454546
(6, 36, 42, 43)	 0.13627254509018036
(6, 35, 43)	 0.1531986531986532
(11, 21, 45)	 0.21830985915492956
(0, 2, 6, 8, 15)	 0.16167664670658682
(4, 18, 31, 34)	 0.19342359767891684
(1, 18, 45)	 0.17258883248730963
(1, 2, 5, 6, 9)	 0.16113744075829384
(1, 2, 3, 4, 6)	 0.23778501628664495
(1, 2, 8, 9, 11)	 0.22811671087533156
(0, 7, 10, 14, 33)	 0.2583892617449664
(2, 8, 32, 39)	 0.1536050156739812
(17, 35, 43)	 0.2280431432973806
(21, 23, 42)	 0.11232187761944677
(7, 9, 15)	 0.15406976744186046
(1, 4, 16, 38)	 0.17816091954022986
(23, 44, 53)	 0.11290322580645161
(7, 15, 17, 20, 21)	 0.24060150375939848
(7, 26, 35, 38, 40)	 0.24706943192064926
(1, 11, 72)	 0.1732418524871355
(5, 12, 39, 43)	 0.18798955613577023
(1, 3, 26, 29, 32)	 0.16289592760180996
(4, 11, 54)	 0.20969023034154086
(1, 5, 22, 37, 43)	 0.28407460545193686
(2, 6, 7, 12, 25)	 0.25319693094629153
(16, 19, 20, 30)	 0.32447817836812143
(3, 14, 19, 26, 29)	 0.3
(2, 4, 5, 14, 15)	 0.15422885572139303
(1, 36, 37)	 0.11642411642411642
(2, 22, 27)	 0.1366120218579235
(34, 35, 37, 42)	 0.19747416762342138
(2, 13, 25)	 0.22543352601156066
(1, 5, 8, 10, 15)	 0.2961832061068702
(1, 7, 12, 15, 18)	 0.12188365650969527
(1, 2, 5, 8, 9)	 0.16558441558441558
(1, 2, 5)	 0.28
(35, 44, 65)	 0.18806509945750452
(7, 16, 17, 18)	 0.17002237136465323
(0, 5, 6, 8, 9)	 0.36831683168316826
(8, 13, 17, 25)	 0.21305841924398625
(4, 10, 13, 17)	 0.24675324675324675
(1, 4, 9, 15)	 0.2439024390243903
(2, 10)	 0.19444444444444445
(1, 4, 5, 12, 15)	 0.19755600814663954
(8, 10, 14, 15, 17)	 0.27488151658767773
(2, 3, 5, 17, 20)	 0.29927007299270075
(1, 2, 8, 10, 24)	 0.25856697819314645
(1, 7, 14)	 0.20228384991843393
(2, 13, 34, 35)	 0.14224137931034483
(6, 17, 33)	 0.11747430249632894
(1, 11, 71)	 0.4267631103074141
(0, 16, 23)	 0.17281728172817282
(0, 1, 5, 8, 11)	 0.31357552581261955
(46, 47, 53)	 0.3492063492063492
(6, 10, 20)	 0.33006535947712423
(21, 36, 41)	 0.2484472049689441
(0, 9, 16, 22)	 0.2608695652173913
(3, 4, 7, 39)	 0.18867924528301888
(4, 5, 36)	 0.20017873100983025
(0, 12, 19, 21)	 0.22333000997008973
(5, 19, 35)	 0.23010546500479387
(4, 6, 7, 9)	 0.22950819672131148
(0, 20, 23, 29, 40)	 0.31382527565733676
(26, 28, 38, 40)	 0.446927374301676
(24, 36, 38)	 0.20440528634361232
(1, 3, 15, 27, 28)	 0.2169811320754717
(2, 4, 10, 12, 22)	 0.22310756972111556
(5, 37, 48)	 0.25135427952329364
(0, 3, 4)	 0.1590909090909091
(54, 56, 57)	 0.18552036199095023
(17, 18, 26, 34)	 0.236734693877551
(0, 1, 9, 24, 29)	 0.324
(0, 7, 13, 23, 24)	 0.5622895622895623
(5, 17, 19, 28, 33)	 0.46022727272727276
(2, 6, 53)	 0.1914672216441207
(0, 3, 5, 9, 11)	 0.27488151658767773
(27, 29, 69)	 0.24778761061946902
(7,)	 0.4512195121951219
(10, 12, 17)	 0.4242424242424242
(3, 5, 22)	 0.24981188863807377
(6, 11, 48)	 0.3456090651558074
(1, 2, 5, 13, 17)	 0.2019230769230769
(8, 12, 23, 33)	 0.46261682242990654
(1, 8, 14, 15, 19)	 0.21882951653944022
(2, 5, 14, 15, 18)	 0.29054054054054057
(12, 23, 24, 25, 27)	 0.32362459546925565
(23, 24, 57)	 0.32514177693761814
(0, 1, 4, 25)	 0.16759776536312848
(0, 2, 12, 29)	 0.38736842105263164
(0, 6, 20, 22, 24)	 0.2717391304347826
(9, 10, 12, 15, 16)	 0.29724770642201837
(2, 17, 60)	 0.20977353992848627
(12, 24, 26, 47)	 0.49079754601226994
(3, 15, 17, 39)	 0.2457420924574209
(17, 23, 44)	 0.24431137724550897
(5, 6, 9, 14)	 0.2516556291390728
(4, 5, 9, 10, 11)	 0.3762662807525326
(4, 9)	 0.22377622377622378
(14,)	 0.30337078651685395
(16, 24, 31, 32)	 0.35714285714285715
(25, 39, 52)	 0.24222585924713586
(18, 30, 34, 37, 44)	 0.30666666666666664
(0, 4, 7, 11)	 0.28115015974440893
(0, 28, 36)	 0.2464985994397759
(1, 13, 16, 23, 25)	 0.25766871165644173
(0, 1, 8, 15, 26)	 0.3911290322580645
(0, 12, 20, 21, 25)	 0.2256809338521401
(40, 55, 62)	 0.20372010628875112
(6, 8, 13, 17)	 0.25
(0, 1, 2, 5, 8)	 0.2852897473997028
(0, 1, 3, 16, 19)	 0.25136612021857924
(44, 56, 57)	 0.2738205365402405
(5, 9, 16, 17)	 0.25196850393700787
(0, 1, 2, 3, 22)	 0.42181818181818187
(0, 1, 2, 4)	 0.3079710144927536
(0, 2, 7, 9)	 0.20866141732283466
(14, 26, 44)	 0.23923444976076558
(0, 36, 49)	 0.2029598308668076
(0, 1, 3, 17)	 0.1843137254901961
(5, 15, 16, 17, 19)	 0.2816901408450704
(1, 11, 37)	 0.21320973348783315
(6, 8)	 0.25925925925925924
(0, 9, 12, 33, 37)	 0.2338568935427574
(0, 3, 46)	 0.3247422680412371
(1, 17, 20, 21)	 0.25040650406504067
(2, 12, 61)	 0.24955436720142607
(0, 2, 7, 9, 19)	 0.30163934426229505
(0, 3, 11, 14, 24)	 0.20091324200913238
(1, 44, 51)	 0.1740088105726872
(12, 46, 52)	 0.2574002574002574
(0, 43, 58, 68)	 0.3146779303062302
(1, 4, 10)	 0.14765100671140938
(8, 10, 33, 34)	 0.24302788844621517
(2, 41, 59)	 0.17562724014336917
(1, 3, 11, 14, 15)	 0.29878048780487804
(1, 2, 4)	 0.26478873239436623
(8, 9, 20, 22, 26)	 0.2374245472837022
(10, 14)	 0.37158469945355194
(20, 32, 38, 39)	 0.15531660692951016
(0, 1, 6, 8, 10)	 0.310838445807771
(6, 12, 24)	 0.2140790742526519
(0, 1, 5, 7)	 0.19444444444444445
(0, 1, 4, 8, 16)	 0.23283582089552238
(1, 3, 9, 17, 18)	 0.28486646884273
(9,)	 0.17647058823529413
(6, 9, 10, 16, 23)	 0.273972602739726
(0, 1, 3, 5, 23)	 0.34351145038167935
(0, 1, 4, 5, 7)	 0.19138755980861247
(3, 6, 9, 18, 21)	 0.24749163879598662
(6, 10, 11, 13)	 0.1527777777777778
(20, 21, 25, 29)	 0.19135802469135804
(1, 3, 4, 7, 14)	 0.2110091743119266
(13, 34, 47)	 0.26008968609865474
(1, 7, 20, 21, 22)	 0.17518248175182483
(8, 16, 24, 26)	 0.2565597667638484
(7, 11, 12, 22)	 0.352
(0, 15, 16, 18, 20)	 0.2593856655290102
(1, 6, 12, 14, 20)	 0.24299065420560748
(28, 47, 49)	 0.23708721422523285
(3, 4, 6, 8, 26)	 0.31160572337042924
(0, 1, 11)	 0.2708333333333333
(2, 3, 18, 37)	 0.38823529411764707
(2, 8, 10, 17, 18)	 0.33599999999999997
(8, 14, 71)	 0.18181818181818182
(6, 11, 13, 20, 21)	 0.26692456479690524
(3, 36, 43)	 0.164
(1, 5, 6, 16, 17)	 0.256140350877193
(1, 12, 15, 16, 18)	 0.2926829268292683
(4, 9, 11, 17, 18)	 0.2709677419354839
(11, 12, 15, 22, 25)	 0.2525773195876289
(1, 7, 24, 27, 28)	 0.22144522144522144
(1, 2, 7, 11, 18)	 0.202970297029703
(12, 50, 71)	 0.15433070866141735
(3, 4, 7, 12, 19)	 0.1681260945709282
(2, 3, 4)	 0.07272727272727272
(11, 19, 21)	 0.18563535911602208
(1, 4, 6, 11, 18)	 0.28326180257510725
(5, 9, 11, 12, 18)	 0.20718232044198895
(48, 49, 67)	 0.14923469387755103
(2, 8, 9, 11)	 0.2416452442159383
(2, 4, 6, 8, 9)	 0.17679558011049726
(1, 2, 7)	 0.15873015873015872
(13, 20, 68)	 0.22346368715083798
(1, 11, 14, 33)	 0.17553191489361702
None	 0
(2, 14, 21, 22, 23)	 0.18803418803418803
(1, 3, 4, 11, 12)	 0.20775193798449612
(6, 8, 14, 19)	 0.21397379912663755
(12, 14, 27)	 0.23676612127045235
(16, 17, 40)	 0.22673796791443848
(5, 24, 34, 38)	 0.1984732824427481
(2, 4, 72)	 0.1875
(1, 4, 8, 22)	 0.26438188494492043
(1, 18, 24)	 0.23480662983425418
(5, 11, 15, 16, 18)	 0.32667876588021777
(0, 1, 3, 4, 10)	 0.22972972972972974
(6, 9, 15, 19, 22)	 0.27397260273972607
(1, 2, 9, 19, 21)	 0.1574074074074074
(5, 41, 74)	 0.17330210772833723
(2, 8, 20, 23, 24)	 0.22135416666666669
(2, 15, 16, 19, 23)	 0.24050632911392408
(1, 6, 8, 10, 14)	 0.17532467532467533
(1, 4, 5, 6, 31)	 0.17745803357314147
(20, 21, 23, 32)	 0.2375
(14, 35, 42)	 0.1873170731707317
(2, 3, 4, 18)	 0.11009174311926606
(4, 6)	 0.06779661016949153
(4, 6, 13, 16, 24)	 0.2530329289428076
(11, 18, 19, 20)	 0.18181818181818182
(2, 13)	 0.23300970873786409
(20, 23, 42)	 0.17816091954022992
(3, 28, 58)	 0.11451135241855871
(12, 23, 24, 25, 27)	 0.14004914004914004
(20, 41, 46, 55)	 0.22737306843267108
(3, 10, 23, 25, 26)	 0.1273100616016427
(15, 22, 24, 37)	 0.21734104046242775
(47, 48, 49, 50, 52)	 0.1946308724832215
(1, 6, 7, 8)	 0.3596730245231608
(1, 13, 16, 19, 21)	 0.3754789272030652
(12, 15, 29)	 0.18181818181818182
(2, 9, 15, 29)	 0.17492711370262393
(1, 10, 17, 32)	 0.23574144486692014
(9, 15, 23, 43)	 0.21215242018537595
(9, 13, 15, 23)	 0.3412844036697248
(1, 7, 8, 9, 13)	 0.20458553791887127
(1, 2, 21, 29, 30)	 0.2404870624048706
(2, 5, 12, 13, 14)	 0.17883211678832114
(0, 43, 77)	 0.08557213930348259
(0, 9, 15, 19, 20)	 0.17741935483870966
(2, 5, 6, 12, 14)	 0.15827338129496402
(2, 13, 15, 17)	 0.24195624195624194
(0, 3, 7, 8, 14)	 0.18604651162790697
(1, 16, 17)	 0.21802325581395351
(2, 3, 4, 12, 19)	 0.21487603305785125
(4, 10)	 0.1793103448275862
(4, 30, 56)	 0.17158931082981715
(0, 2, 5)	 0.18085106382978722
(1, 4, 35)	 0.1010752688172043
(1, 4, 5, 8, 9)	 0.15208034433285508
(3, 5, 7, 8, 10)	 0.2555720653789005
(10, 12, 14, 15, 17)	 0.1366120218579235
(13, 52, 65)	 0.23121387283236994
(3, 10, 56)	 0.17024935511607908
(1, 6, 20, 22, 23)	 0.08543263964950712
(7, 9, 11)	 0.16455696202531644
(1, 6, 8, 13, 14)	 0.286783042394015
(1, 3, 17, 19)	 0.2293423271500843
(1, 3, 12, 19, 38)	 0.44573643410852715
(0, 3, 4, 10, 11)	 0.2727272727272727
(0, 2, 6, 10)	 0.18918918918918917
(2, 4, 8, 10, 12)	 0.21553884711779447
(1, 8, 13, 14, 20)	 0.19108280254777069
(1, 2, 4, 8, 15)	 0.2052313883299799
(13, 14, 23)	 0.3291592128801431
(0, 1, 15, 19, 21)	 0.19618528610354224
(9, 33, 39, 42)	 0.13504823151125403
(2, 5, 8, 17, 36)	 0.17674418604651165
(1, 6, 8, 19, 20)	 0.19292604501607716
(1, 2, 6)	 0.30917874396135264
(2, 4, 5, 7, 13)	 0.21725239616613418
(0, 3, 5, 21, 40)	 0.13670886075949368
(3, 16, 18, 19)	 0.1737649063032368
(1, 25, 33, 35, 37)	 0.224
(1, 4, 14, 15, 16)	 0.23861171366594358
(9,)	 0.2261904761904762
(2, 5, 12, 13, 16)	 0.2043795620437956
(1, 2, 6, 7, 16)	 0.19496855345911948
(4, 19, 33, 36, 37)	 0.1976470588235294
(16, 25, 30)	 0.22371364653243847
(7, 8, 19, 23, 25)	 0.14563106796116507
(5, 6, 10, 15, 17)	 0.32
(10, 25, 85)	 0.16216216216216214
(1, 5, 10, 15, 23)	 0.1962732919254658
(20, 56, 60, 62)	 0.2820037105751391
(7, 8, 21, 23)	 0.22847100175746926
(1, 5, 19)	 0.19491525423728814
(3, 9, 76)	 0.11452810180275717
(2, 5, 6, 9, 11)	 0.22629969418960244
(2, 4, 22, 26, 27)	 0.1886051080550098
(20, 22, 23)	 0.31825795644891125
(2, 3, 9, 26, 37)	 0.1557719054242003
(1, 9, 10, 13, 15)	 0.15315315315315317
(1, 11, 15)	 0.15815485996705106
(1, 25, 26, 34)	 0.33695652173913043
(11, 15, 48)	 0.13282247765006386
(1, 3, 4, 10, 18)	 0.25
(3, 9, 24, 25)	 0.38532110091743116
(18, 23, 24)	 0.22727272727272727
(18, 20, 35, 41)	 0.26210826210826216
(0, 5, 8, 13)	 0.25142857142857145
(6, 31, 45)	 0.29411764705882354
(0, 7, 13, 14, 19)	 0.13584905660377358
(0, 8, 9, 16, 17)	 0.30081300813008127
(9, 55, 61)	 0.15451895043731778
(5, 24, 30, 34)	 0.2548596112311015
(15, 16, 19, 20, 22)	 0.2790697674418605
(0, 4, 6, 7, 9)	 0.3461538461538461
(0, 6, 25, 36)	 0.2877959927140255
(17, 30, 32, 33)	 0.28070175438596484
(1, 7, 12, 15)	 0.17460317460317462
(1, 2, 4, 22)	 0.3744075829383886
(2, 3, 5, 7, 14)	 0.19140625000000003
(14, 19, 21, 24, 26)	 0.2683544303797468
(0, 5, 9, 16)	 0.27210884353741494
(20, 22, 30, 42)	 0.2705882352941177
(16, 27, 30, 36, 37)	 0.2892057026476578
(18, 19, 26, 28, 34)	 0.30303030303030304
(6, 8, 11, 16, 17)	 0.24083769633507854
(10, 14, 22, 29)	 0.2935779816513761
(0, 4, 7, 9)	 0.23741007194244604
(12, 16, 19, 24, 35)	 0.25019186492709133
(3, 15, 18, 19)	 0.3212121212121212
(29, 57, 61)	 0.20933977455716585
(1, 3, 7, 11, 12)	 0.31095406360424027
(0, 1)	 0.21656050955414013
(7, 8, 9, 14, 16)	 0.36408977556109723
(5, 40)	 0.2318840579710145
(8, 10, 14, 20)	 0.3294573643410853
(2, 19, 53)	 0.17032967032967034
(22, 33, 38)	 0.28205128205128205
(6, 10, 29, 32)	 0.3663366336633664
(1, 14, 17, 28)	 0.20396600566572237
(0, 7, 9, 13, 23)	 0.2131979695431472
(6, 9, 28, 32)	 0.1557788944723618
(14, 20, 29, 31)	 0.3894230769230769
(0, 1, 2, 8, 20)	 0.5049019607843138
(4, 9, 15, 19)	 0.30601092896174864
(1, 3, 12, 22, 31)	 0.4126268320180383
(0, 4, 14)	 0.5014245014245015
(1, 4, 9, 14, 21)	 0.3487394957983193
(5, 12, 14, 23)	 0.27564102564102566
(3, 6, 8, 11, 21)	 0.25162689804772237
(0, 2, 4, 8, 19)	 0.2586872586872587
(5, 6)	 0.4069264069264069
(13, 14, 17, 19, 24)	 0.2657091561938959
(3, 4, 10)	 0.22598870056497175
(0, 2, 8, 26)	 0.5793103448275861
(2, 8, 16, 18, 19)	 0.45194805194805193
(5, 6, 7, 8, 23)	 0.20710059171597633
(15, 23, 26, 27, 29)	 0.2685851318944844
(1, 4, 9, 14, 16)	 0.3235294117647059
(3, 5, 8, 9)	 0.2560386473429952
(2, 26, 49)	 0.3763837638376384
(0, 2, 17)	 0.09256449165402125
(8, 15, 17, 22)	 0.45827010622154785
(3, 4, 6, 15, 17)	 0.3788706739526412
(2, 4, 5)	 0.6480446927374303
(0, 1, 2, 3, 23)	 0.34090909090909094
(11, 22, 27)	 0.2804232804232804
(0, 1, 7, 8)	 0.20905923344947736
(1, 2, 3, 9, 11)	 0.18055555555555555
(8, 12, 15, 16, 22)	 0.3914728682170543
(8, 11, 15, 19, 24)	 0.20754716981132074
(1, 5, 6, 10, 13)	 0.22058823529411767
(4, 12, 14, 15, 24)	 0.2828947368421053
(6, 9, 17, 25, 27)	 0.15902140672782872
(0, 2, 3, 14, 15)	 0.40441176470588236
(37, 50, 70)	 0.35294117647058826
(4, 9, 10, 11, 15)	 0.4372759856630824
(15, 19, 21, 23, 24)	 0.4
(0, 1, 7, 8, 18)	 0.28104575163398693
(0, 13, 16, 21, 22)	 0.23655913978494625
(7, 15, 17)	 0.211864406779661
(8, 35, 44, 45)	 0.26433915211970077
(13, 21, 23, 27)	 0.3300970873786408
(3, 17, 65)	 0.14457831325301204
(0, 2, 10, 16, 18)	 0.23204419889502761
(21, 25, 26, 28, 29)	 0.10741687979539642
(1, 4, 5, 20, 21)	 0.19330855018587362
(0, 1, 13, 14, 16)	 0.3739237392373924
(7, 11, 13)	 0.2376543209876543
(2, 3, 4, 7, 22)	 0.22666666666666666
(4, 7, 25, 27)	 0.47846889952153104
(1, 38, 43)	 0.1098169717138103
(1, 77, 79)	 0.2110762800417973
(2, 3, 5, 10)	 0.1891891891891892
(1, 5, 6, 7, 25)	 0.2777777777777778
(1, 6, 14)	 0.1794871794871795
(1, 2, 34)	 0.14339622641509434
(8, 16, 36, 38)	 0.19083969465648856
(21, 42, 54)	 0.1306930693069307
(2, 5, 18, 19, 22)	 0.16091954022988506
(13, 34, 50)	 0.12035398230088495
(1, 2, 4, 15, 17)	 0.16067653276955604
(10, 15, 20, 31)	 0.26244343891402716
(5, 6, 46, 50)	 0.11345939933259176
(1, 2, 3, 17)	 0.15481832543443919
(1, 5, 19, 31, 34)	 0.2857142857142857
(1, 4, 7, 11, 23)	 0.173044925124792
(5, 13, 15, 16, 20)	 0.11428571428571428
(4, 6, 14, 20, 23)	 0.22646657571623463
(1, 3, 5, 6, 14)	 0.2651006711409396
(5, 7, 9, 10, 15)	 0.2966841186736475
(2, 3, 46)	 0.11424903722721437
(1, 17, 30, 32)	 0.3570300157977883
(2, 57, 65)	 0.21357943309162822
(9, 10, 11, 12, 13)	 0.1650485436893204
(1, 6)	 0.3484848484848485
(7, 11, 26, 27, 29)	 0.231433506044905
(4, 5, 8, 14, 26)	 0.21492537313432836
(6, 12, 17, 25)	 0.24770642201834864
(3, 22, 25, 38)	 0.2997658079625293
(18, 33, 56)	 0.12937062937062938
(0, 1, 6, 7)	 0.17665615141955834
(3, 10, 12, 19)	 0.2288557213930348
(2, 5, 11, 12)	 0.2717391304347826
(9, 18, 21, 23, 30)	 0.266199649737303
(3, 4, 14)	 0.16479400749063672
(0, 1, 2, 28, 30)	 0.2608695652173913
(29, 30, 31, 33)	 0.20202020202020204
(5, 7, 11, 12, 14)	 0.19878787878787882
(9, 15, 17, 18, 28)	 0.2769953051643193
(1, 3, 4, 16, 23)	 0.23529411764705882
(5, 26, 40)	 0.24316109422492402
(3, 7, 14, 29, 35)	 0.3521594684385382
(5, 15, 16, 19, 22)	 0.22174840085287847
(5, 37, 72)	 0.17592592592592593
(7, 14, 19, 30)	 0.24256837098692033
(1, 7, 16, 23, 27)	 0.21370967741935484
(7, 10, 12, 17, 19)	 0.25390625
(1, 2, 24, 31, 34)	 0.22970903522205208
(6, 8, 9, 11)	 0.30996309963099633
(36, 52, 55)	 0.20491803278688525
(4, 5, 8)	 0.16153846153846158
(4, 5, 8, 10)	 0.33395176252319114
(5, 18, 35, 58)	 0.18779342723004697
(0, 8, 11, 18, 20)	 0.22408026755852845
(7, 10, 14, 27)	 0.13142375737152484
(3, 7, 39)	 0.17735849056603775
(1, 24, 25, 28, 31)	 0.22984562607204118
(33, 36, 52)	 0.12500000000000003
(1, 15, 16, 41)	 0.2972292191435768
(1, 60, 70)	 0.29855537720706254
(17, 18, 19, 25, 26)	 0.3705357142857143
(2, 43, 44, 50, 51)	 0.3147792706333973
(9, 14, 27, 29)	 0.296998420221169
(4, 12, 14, 16, 17)	 0.3570127504553734
(38, 39, 46)	 0.21031746031746032
(14, 28, 30)	 0.2949852507374631
(9, 36, 46, 65)	 0.39869281045751637
(1, 16, 17)	 0.2476190476190476
(1, 2, 10, 12, 13)	 0.2674897119341564
(1,)	 0.17204301075268816
(9, 23, 31)	 0.28541001064962723
(3, 5, 18, 26)	 0.19506726457399104
(2, 11, 35)	 0.13266331658291455
(0, 4, 7, 18)	 0.18156808803301236
(1, 7, 14, 17)	 0.3936731107205624
(4, 8, 9, 11, 12)	 0.3129584352078239
(0, 20)	 0.24691358024691357
(11, 17, 35)	 0.29927007299270075
(2, 3, 7)	 0.38493723849372385
(1, 2, 17)	 0.22119815668202766
(1, 6, 16, 33)	 0.3306451612903226
(3, 5, 6, 23)	 0.22406639004149378
(21, 22, 37, 38)	 0.3700934579439253
(3, 5, 24, 29)	 0.3173076923076923
(29, 30, 34)	 0.2823529411764706
(1, 2, 7, 19, 22)	 0.1593625498007968
(1, 17, 19, 37, 41)	 0.43076923076923074
(0, 10)	 0.15037593984962408
(7, 16, 45)	 0.1893939393939394
(7, 36, 43)	 0.30845771144278605
(8, 73, 78)	 0.2005988023952096
(2, 3, 7, 34)	 0.25856697819314645
(2, 4, 6, 11, 15)	 0.2763744427934621
(1, 4, 5)	 0.14529914529914528
(20, 23, 30, 31)	 0.2940320232896652
(4, 10, 19)	 0.18214936247723135
(0, 2, 4, 7, 10)	 0.2551724137931034
(1, 7, 8, 14, 24)	 0.37664783427495296
(1, 9, 15, 16)	 0.5427509293680297
(7, 13, 14, 16, 22)	 0.49751243781094534
(8, 9, 19, 23, 28)	 0.19339622641509438
(16, 43, 51, 54)	 0.3076923076923077
(2, 6, 7, 11, 17)	 0.11074918566775244
(1, 12, 18, 30)	 0.24012638230647707
(1, 6, 8, 23)	 0.4049079754601227
(0, 2, 10, 13)	 0.37410071942446044
(0, 5, 6, 7)	 0.5761316872427983
(41, 51, 52)	 0.19878296146044624
(4, 16, 41)	 0.23737373737373735
(14, 22)	 0.2452830188679245
(17, 18, 24, 25, 31)	 0.2676579925650558
(29, 40, 70)	 0.21585160202360879
(0, 9, 11)	 0.15151515151515152
(2, 4, 15, 31)	 0.2122719734660033
(6, 9, 14, 19, 25)	 0.44183313748531133
(2, 4, 5, 10, 17)	 0.14022140221402213
(8, 10, 11, 24)	 0.2123287671232877
(13, 17, 18, 19, 21)	 0.24074074074074076
(1, 5, 7)	 0.21463414634146344
(2, 9, 41)	 0.2233766233766234
(1, 54, 93)	 0.13693693693693695
(1, 17, 19, 20, 21)	 0.2151394422310757
(4, 12, 22)	 0.32888888888888884
(24, 34, 69)	 0.12213740458015267
(1, 3, 5, 35)	 0.15503875968992245
(24, 28)	 0.15
(1, 2, 5, 8, 13)	 0.13968253968253969
(21, 52, 57)	 0.1292517006802721
(5, 6, 21, 23, 26)	 0.1670886075949367
(2, 5, 6)	 0.13612565445026178
(5, 12, 16)	 0.24858757062146894
(7, 9, 12)	 0.13114754098360654
(1, 27)	 0.30000000000000004
(7, 10, 16, 17)	 0.2962962962962963
(22, 23, 29, 41, 42)	 0.21739130434782608
(4, 34, 36, 40)	 0.35988200589970504
(2, 13, 33)	 0.14473684210526316
(1, 5, 6, 7, 13)	 0.17989417989417988
(2, 7, 13, 15, 22)	 0.1437908496732026
(6, 38, 68)	 0.23076923076923075
(2, 14, 19, 20)	 0.18699186991869918
(0, 9, 18, 39)	 0.3125
(2, 27, 29, 31)	 0.18884120171673818
(11, 13, 32)	 0.18840579710144928
(1, 3, 4, 5)	 0.2679425837320574
(1, 37, 47)	 0.23369565217391305
(2, 5, 6, 11)	 0.31147540983606553
(9, 14, 45)	 0.18305084745762712
(1, 2, 3, 7)	 0.21333333333333337
(3, 6, 13)	 0.24875621890547264
(1, 8, 9, 11)	 0.25806451612903225
(3, 11, 14)	 0.1893491124260355
(11, 16)	 0.2829581993569132
(2, 44, 48)	 0.28337874659400547
(5, 10, 14, 16)	 0.12871287128712872
(48, 53, 59)	 0.22983870967741937
(29, 40, 67)	 0.2523364485981308
(16, 28, 32, 34)	 0.3181818181818182
(1, 18, 20, 34)	 0.2328767123287671
(1, 6, 25, 30)	 0.12949640287769787
(31, 52, 89)	 0.3018867924528302
(30, 32, 50)	 0.19047619047619052
(2, 4, 5, 8, 15)	 0.31155778894472363
(1, 3, 6)	 0.18181818181818182
(8, 28, 41)	 0.2287390029325513
(0, 10, 16)	 0.2874251497005988
(1, 7, 10, 30)	 0.23107569721115537
(18, 30, 40, 47)	 0.16138328530259363
(41, 70, 80)	 0.17194570135746606
(14, 41, 60)	 0.25089605734767023
(15, 50, 52)	 0.19548872180451124
(6, 10)	 0.16593886462882096
(1, 8, 13, 15)	 0.11219512195121951
(3, 4, 11, 13, 23)	 0.1979522184300341
(4, 7, 12, 14, 17)	 0.13872832369942195
(1, 7, 20)	 0.1917808219178082
(10, 19)	 0.2975929978118162
(1, 41, 42)	 0.21195652173913043
(62, 82, 101)	 0.23452768729641693
(9, 16, 22)	 0.256
(7, 14, 25, 28)	 0.2857142857142857
(0, 30, 32, 41, 57)	 0.16
(1, 48, 61)	 0.16666666666666666
(1, 33, 41)	 0.2113821138211382
(1, 37)	 0.2696629213483146
(1, 10, 11, 12, 17)	 0.31521739130434784
(27, 32, 40)	 0.16666666666666663
(29, 31)	 0.35220125786163525
(11, 15, 32, 36)	 0.3309002433090024
(1, 44)	 0.2875
(13, 27, 37)	 0.2183406113537118
(4, 8, 17, 30)	 0.15909090909090912
(2, 14, 18, 40)	 0.15615615615615613
(12, 15, 16, 34)	 0.21290322580645163
(2, 9, 14, 15, 16)	 0.24590163934426232
(2, 7, 14, 16)	 0.12531328320802004
(1, 4, 7, 17)	 0.2274881516587678
(1, 8, 23)	 0.30456852791878175
(23, 34, 36, 38)	 0.18911174785100285
(14, 45, 57)	 0.2131979695431472
(1, 7, 12, 18, 29)	 0.3715846994535519
(1, 2, 6)	 0.1694915254237288
(45, 57, 63)	 0.19767441860465118
(59, 78, 83)	 0.3169014084507042
(6, 8, 14, 35)	 0.1889763779527559
(1, 2, 6, 12, 15)	 0.2374429223744292
(2, 3, 4, 18)	 0.4123076923076923
(0, 3, 4)	 0.16858237547892718
(1, 10, 35)	 0.18237082066869298
(1, 12, 33, 42)	 0.22988505747126436
(2, 9, 10, 11, 14)	 0.2150537634408602
(2, 19, 31, 35, 40)	 0.2231404958677686
(51, 59, 77)	 0.18633540372670804
(17, 19, 22, 25)	 0.24081632653061227
(4, 5, 10, 12, 19)	 0.09243697478991597
(7, 18)	 0.2206896551724138
(1, 4)	 0.175609756097561
(4, 19, 22, 23)	 0.10830324909747292
(1, 3, 8, 15, 22)	 0.16574585635359115
(20, 22, 44, 50)	 0.26439232409381663
(23, 37, 45, 50)	 0.16822429906542055
(2, 6, 30)	 0.10204081632653061
(2, 6, 23, 28, 30)	 0.21971830985915497
(13, 14, 21, 26)	 0.1395348837209302
(1, 4, 13, 14)	 0.08759124087591241
(13, 16, 21, 26, 28)	 0.2629482071713148
(2, 4, 6, 25, 29)	 0.14450867052023122
(5, 16, 21, 24, 25)	 0.23404255319148937
(1, 2, 20, 21)	 0.1658536585365854
(3, 7, 36, 41)	 0.23151125401929262
(3, 43, 57)	 0.1568627450980392
(32, 57, 60)	 0.37037037037037035
(7, 9)	 0.1510791366906475
(7, 8, 9, 20)	 0.22413793103448276
(1, 5, 11, 21)	 0.1407035175879397
(19, 48)	 0.2346368715083799
(11, 27, 46)	 0.1733333333333333
(13, 15)	 0.11607142857142856
(1, 4)	 0.14857142857142858
(14, 16, 26)	 0.3154929577464789
(1, 3, 6, 15)	 0.14102564102564102
(1, 2, 19, 28, 29)	 0.15019762845849802
(3, 9, 10, 17)	 0.2037735849056604
(2, 3, 15, 16, 18)	 0.1484375
(21, 27, 30, 31, 32)	 0.2683544303797468
(14, 17, 31, 41)	 0.27533460803059273
(23, 25, 37)	 0.13953488372093023
(4, 13, 16, 18, 24)	 0.1836734693877551
(33, 57, 68)	 0.184
(7, 10, 21)	 0.21757322175732216
(1, 6, 11, 18, 19)	 0.2933333333333334
(5, 6, 17)	 0.19791666666666669
(1, 12, 16, 20)	 0.23225806451612904
(8, 13)	 0.20869565217391303
(0, 11, 16, 20, 26)	 0.26168224299065423
(6, 12, 44)	 0.1747269890795632
(1,)	 0.20920502092050206
(11, 12, 15)	 0.1497326203208556
(7, 27, 40, 42)	 0.24864864864864866
(5, 12, 14, 20)	 0.33898305084745767
(4, 5, 8, 15, 21)	 0.3598326359832636
(2, 10, 21, 36)	 0.16417910447761191
(1, 2, 3, 9)	 0.07766990291262135
(11, 32, 38)	 0.12955465587044535
(1, 3, 5, 8, 14)	 0.17738359201773835
(1, 10, 16, 19, 22)	 0.12834224598930477
(3, 8, 14, 30)	 0.13714285714285712
(5, 6, 9, 10, 17)	 0.1212121212121212
(1, 4, 16)	 0.1925925925925926
(7, 8, 17, 27, 28)	 0.11387900355871887
(5, 10)	 0.3761467889908257
(10, 19, 77)	 0.15384615384615385
(1, 11, 12, 35)	 0.16806722689075632
(1, 2, 8, 15)	 0.17670682730923692
(10, 21, 31, 35)	 0.2252252252252252
(1, 2, 5, 8, 9)	 0.17117117117117117
(14, 19, 21)	 0.21176470588235294
(1, 6, 11)	 0.2054794520547945
(1, 14, 23, 30, 41)	 0.22604422604422605
(6, 7, 8, 9, 10)	 0.1630901287553648
(7, 9, 10)	 0.12213740458015267
(38, 102, 122)	 0.13729977116704806
(2, 4, 17, 24, 38)	 0.09999999999999999
(10, 27, 33, 42)	 0.2679738562091504
(15, 20, 21, 31)	 0.15602836879432624
(3,)	 0.3657142857142857
(4, 13)	 0.12903225806451613
(2, 5, 13)	 0.38709677419354843
(3, 5, 8, 9)	 0.268370607028754
(2, 3, 4)	 0.11282051282051282
(11, 39, 52)	 0.16216216216216217
(3, 14, 20, 24)	 0.25609756097560976
(11, 15, 22, 36, 37)	 0.12195121951219512
(13, 14, 15, 24)	 0.15637860082304528
(1, 9, 25, 27)	 0.09210526315789473
(2, 5, 22, 50)	 0.11235955056179775
(2, 6, 8, 14)	 0.11527377521613832
(2, 6, 14, 27, 40)	 0.27586206896551724
(2, 20)	 0.32926829268292684
(1, 15, 48)	 0.22
(1, 4)	 0.21551724137931033
(12, 17, 18)	 0.2983425414364641
(1, 21, 26, 30)	 0.23642172523961663
(6, 7, 10, 15)	 0.1916932907348243
(5, 11, 18, 23)	 0.12871287128712874
(46, 54, 65)	 0.20390455531453358
(4, 9, 10)	 0.19889502762430938
(2, 3, 6, 11)	 0.1276595744680851
(4, 8, 16)	 0.31666666666666665
(3, 13, 15)	 0.1297297297297297
(17, 34, 41, 43, 44)	 0.10271903323262839
(10, 12, 15, 17)	 0.06010928961748634
(13, 15, 19, 20, 22)	 0.19617224880382772
(1, 2, 16, 22)	 0.13605442176870747
(3, 19, 21, 26)	 0.27102803738317754
(0, 5, 6, 11, 12)	 0.16184971098265896
(3, 8)	 0.1352657004830918
(7, 15)	 0.16853932584269665
(0, 3)	 0.09821428571428571
(1, 3)	 0.15873015873015875
(7, 33, 37, 46)	 0.16538461538461538
(1, 14, 26, 28)	 0.22564102564102564
(16, 31, 50, 51)	 0.2696629213483146
(1, 2, 4, 14, 15)	 0.15748031496062992
(2, 9, 27, 29, 31)	 0.13793103448275865
(18, 24, 25, 32)	 0.184
(5, 37, 38, 41, 52)	 0.15228426395939085
(1, 8, 10)	 0.20858895705521469
(1, 4, 11, 13)	 0.13913043478260867
(1, 32, 37)	 0.2788461538461538
(5, 24, 27, 40)	 0.13223140495867766
(7, 12, 64, 66)	 0.2443438914027149
(13, 28, 29, 37)	 0.2754491017964072
(6, 9, 10, 11, 12)	 0.24727272727272728
(25, 41, 44, 45)	 0.14705882352941177
(13, 14, 17)	 0.14492753623188406
(1, 7, 12, 13)	 0.14814814814814817
(1, 4, 6, 22, 23)	 0.17910447761194032
(1, 20)	 0.39285714285714285
(11, 16)	 0.27755102040816326
(13, 24, 25)	 0.1511627906976744
(1, 3, 11, 24)	 0.25806451612903225
(2, 3, 7)	 0.13095238095238093
(1,)	 0.11764705882352941
(16, 24, 33)	 0.11895910780669144
(0, 6, 18, 37)	 0.23036649214659685
(3, 4, 7, 27, 28)	 0.22340425531914893
(9, 56, 72)	 0.11328976034858389
(1, 4, 7, 9, 10)	 0.18009478672985785
(1, 2, 3, 12)	 0.09120521172638439
(4, 8)	 0.12030075187969926
(6, 20, 24, 27, 29)	 0.23735408560311283
(2, 7, 8)	 0.10152284263959391
(2, 3, 5, 10, 14)	 0.12087912087912088
(9, 14)	 0.17435897435897435
(22, 29)	 0.21656050955414013
(1, 15)	 0.3222748815165877
(4, 13)	 0.19323671497584538
(6, 20)	 0.29107981220657275
(16, 19, 30, 35)	 0.19753086419753085
(11, 16, 20)	 0.08695652173913045
(2, 27, 33, 38)	 0.26285714285714284
(2, 15, 19, 30)	 0.22153846153846155
(8, 12, 19, 20, 30)	 0.22822822822822825
None	 0
(1, 3, 8, 12, 29)	 0.22222222222222218
(17, 65)	 0.20689655172413793
(16,)	 0.2631578947368421
(2, 11, 17, 23)	 0.20800000000000002
(3, 5, 14, 37)	 0.14184397163120566
(9, 10)	 0.2689075630252101
(2, 17, 21)	 0.16988416988416988
(19, 45, 50)	 0.21825396825396823
(1, 10, 12, 13, 16)	 0.17467248908296942
(1, 9)	 0.08888888888888889
(1, 3, 19, 23, 38)	 0.11685393258426967
(1, 2, 16, 37)	 0.147239263803681
(27, 34, 42)	 0.12903225806451615
(6, 11, 14, 18, 22)	 0.24046920821114368
(9, 10)	 0.18994413407821228
(2, 8)	 0.16666666666666666
(2, 3, 5, 24)	 0.16145833333333334
(5, 8, 9, 13, 18)	 0.1333333333333333
(13, 15, 17, 31)	 0.1306532663316583
(0, 6, 8, 27)	 0.1751824817518248
(6, 10, 14)	 0.17475728155339806
(4, 26, 29, 40)	 0.13572854291417166
(30, 34, 38, 41)	 0.14634146341463417
(1, 4, 5, 11, 14)	 0.17647058823529413
(1, 8, 10, 15)	 0.14659685863874347
(2, 3, 19, 20, 31)	 0.23741007194244607
(1, 14, 16, 33)	 0.2085308056872038
(25, 29, 30, 40)	 0.27999999999999997
(0, 4, 22, 42, 51)	 0.10967741935483871
(1, 3, 5, 7, 13)	 0.28571428571428564
(1, 4, 12, 19)	 0.06703910614525138
(12, 15)	 0.5023696682464456
(6, 8, 9, 10, 13)	 0.21596244131455397
(2, 3, 4)	 0.11398963730569947
(7, 19)	 0.0847457627118644
(0, 3, 10, 16)	 0.125
(1, 8, 15, 18)	 0.16249999999999998
(9, 13, 46, 48)	 0.2358974358974359
(4, 11)	 0.1243523316062176
(3, 7)	 0.10377358490566037
(4, 6, 14)	 0.14285714285714285
(11, 18, 22)	 0.15936254980079678
(6, 23, 25, 37)	 0.16822429906542055
(1, 6, 29, 36, 45)	 0.1559633027522936
(4, 11)	 0.17112299465240643
(6, 7, 8, 13)	 0.2285714285714286
(2, 4, 14, 19, 20)	 0.18867924528301883
(0, 14)	 0.31788079470198677
(12, 28, 35, 44)	 0.10789980732177265
(3, 15, 18)	 0.06999999999999999
(0, 14, 19, 32)	 0.10526315789473685
(1, 17, 21, 25)	 0.28044280442804426
(1, 8)	 0.15950920245398775
(1, 22, 26)	 0.192
(3, 4, 9, 16, 17)	 0.2937365010799136
(5, 15, 16, 17, 21)	 0.2926829268292682
(4, 5, 20, 22, 24)	 0.3211009174311927
(8, 18, 24)	 0.3288590604026846
(5, 8, 16, 18, 19)	 0.4535315985130111
(1, 2, 21, 23, 26)	 0.4201312910284464
(2, 9, 14)	 0.42265795206971674
(6, 11, 30, 35)	 0.27777777777777773
(4, 9, 29)	 0.2740899357601713
(10, 13, 18, 21)	 0.29605263157894735
(3, 5, 7, 10, 11)	 0.26666666666666666
(15, 22, 27, 30)	 0.18416206261510132
(4, 6, 7, 12, 16)	 0.18461538461538463
(1, 2, 3, 5, 9)	 0.33621755253399255
(18, 20, 33, 34)	 0.30107526881720426
(1, 4, 5, 14, 21)	 0.27089337175792505
(3, 9, 13, 15, 17)	 0.1849217638691323
(1, 4, 5)	 0.168141592920354
(1, 10, 11, 15, 18)	 0.29508196721311475
(5, 10, 13, 19, 23)	 0.20555555555555552
(12, 20, 24, 25, 30)	 0.3007518796992481
(4, 11, 21, 22, 23)	 0.30716723549488056
(5, 7, 9, 12, 19)	 0.22641509433962262
(1, 4, 14, 17, 27)	 0.18798955613577026
(1, 3, 24, 29)	 0.2746365105008078
(1, 47, 62)	 0.1646586345381526
(9, 14, 17, 25, 36)	 0.19801980198019806
(1, 2, 12, 21, 22)	 0.27655986509274877
(10, 13, 19, 23, 25)	 0.29894736842105263
(27, 35, 49)	 0.11858974358974358
(1, 8, 12)	 0.1473684210526316
(4, 18, 94)	 0.1629913710450623
(32, 55, 67)	 0.16104868913857678
(1, 6, 10, 16, 17)	 0.20754716981132076
(0, 4, 20)	 0.189873417721519
(1, 3, 10, 14, 16)	 0.2099447513812155
(1, 2, 8, 25)	 0.29259896729776247
(4, 7, 12, 14, 20)	 0.1532258064516129
(13, 20, 49)	 0.23049645390070925
(14, 46, 63)	 0.23172628304821152
(0, 1, 10, 14)	 0.25795644891122277
(5, 7, 10, 11, 14)	 0.2585551330798479
(27, 65, 66)	 0.2277580071174377
(5, 6, 13, 19, 29)	 0.26495726495726496
(9, 10, 13)	 0.3112391930835735
(4, 6, 10, 13, 16)	 0.32765957446808514
(2, 5, 6, 25)	 0.15686274509803924
(9, 12, 14, 18, 20)	 0.17712177121771217
(13, 50, 58)	 0.13679245283018868
(1, 7, 15, 30)	 0.21388367729831145
(1, 2, 10, 15, 17)	 0.2222222222222222
(6, 25, 27, 30)	 0.1408450704225352
(10, 11, 18, 22, 25)	 0.2469733656174334
(17, 20, 21, 23)	 0.17612524461839535
(1, 27, 30)	 0.25278810408921937
(2, 4, 10, 15, 18)	 0.2679425837320574
(25, 38, 54)	 0.26613965744400525
(26, 32, 40)	 0.22986425339366517
(0, 11, 27)	 0.1784037558685446
(15, 34, 64)	 0.1546218487394958
(4, 7, 26)	 0.19466666666666668
(1, 3, 7, 37)	 0.2522202486678508
(5, 10, 11, 34)	 0.34814814814814815
(24, 28, 39)	 0.22437673130193905
(1, 3, 5, 7, 19)	 0.3380281690140845
(24, 35, 38)	 0.14839797639123103
(2, 4, 19, 21, 26)	 0.17824773413897282
(6, 8, 23, 26, 37)	 0.17616580310880828
(1, 2, 13)	 0.10280373831775702
(4, 5, 7, 8)	 0.23015165031222123
(12, 14, 24, 30)	 0.20904836193447737
(1, 2, 3, 8, 10)	 0.22754491017964074
(24, 34, 35, 37)	 0.2421227197346601
(16, 21, 32, 52)	 0.30980392156862746
(1, 2, 4, 5, 15)	 0.28193832599118945
(14, 23, 52)	 0.17422867513611617
(43, 48, 57)	 0.18247298919567825
(0, 16, 19)	 0.16179775280898873
(2, 3, 4, 24, 42)	 0.20139860139860138
(2, 4, 15, 16, 20)	 0.14529914529914534
(9, 11, 16, 17)	 0.2689486552567237
(6, 7, 8, 18, 19)	 0.19036144578313252
(13, 15, 16, 22, 25)	 0.20353982300884957
(3, 12, 14, 15, 26)	 0.3717059639389737
(13, 15, 16, 18, 22)	 0.2777777777777778
(2, 6, 9, 13)	 0.3494736842105263
(2, 9, 21)	 0.27234042553191484
(7,)	 0.2698961937716263
(2, 6, 11, 13, 14)	 0.3021148036253776
(2, 10, 11, 12, 18)	 0.26303854875283444
(0, 1, 2, 18, 31)	 0.1839464882943144
(1, 8, 11, 13, 15)	 0.26944971537001894
(1, 9, 12, 13)	 0.30849220103986136
(5, 8, 10, 13, 18)	 0.16666666666666666
(21, 24, 29, 31)	 0.2024866785079929
(4, 12, 23, 24)	 0.1846153846153846
(1, 2, 8, 12, 14)	 0.25839793281653745
(4, 8, 9, 17, 20)	 0.3004291845493562
(8, 10, 16, 21, 23)	 0.4031311154598826
(4, 68, 83)	 0.1778975741239892
(0, 6, 10, 14, 26)	 0.368366285119667
(1, 2, 4, 12, 20)	 0.26168224299065423
(10, 12, 19)	 0.30617283950617286
(1, 9, 25, 30)	 0.2806122448979592
(5, 10, 20, 29, 38)	 0.3285939968404423
(6, 11, 21, 24, 29)	 0.1643835616438356
(14, 35, 47)	 0.25483870967741934
(1, 48, 63)	 0.2376237623762376
(8, 10, 12, 14, 16)	 0.2197392923649907
(1, 5, 15, 16, 26)	 0.24927536231884057
(3, 11, 42, 45, 47)	 0.15384615384615385
(6, 10, 17, 20, 23)	 0.14326647564469913
(1, 2, 33, 34)	 0.17391304347826086
(1, 4, 11, 15, 20)	 0.2345679012345679
(18, 24, 32)	 0.20224719101123595
(1, 7, 8, 13)	 0.14107883817427386
(19, 21, 23, 30)	 0.2397260273972603
(15, 16, 20, 26)	 0.15454545454545454
(4, 6, 23, 30)	 0.21787709497206703
(1, 17, 25, 45)	 0.26973684210526316
(0, 3, 49)	 0.21551724137931036
(1, 29, 31, 33)	 0.17297297297297295
(7, 12, 27, 34)	 0.1994459833795014
(27, 28, 30, 42)	 0.17954070981210857
(2, 3, 7, 11, 12)	 0.17687074829931973
(0,)	 0.4220183486238532
(1, 10, 12, 13)	 0.19375
(8, 25, 34, 69)	 0.1645021645021645
(1, 2, 7)	 0.2692307692307692
(18, 25, 26, 31)	 0.22292993630573246
(0, 1, 2, 25)	 0.25174825174825183
(3, 4, 12, 14, 27)	 0.1911987860394537
(3, 10, 14, 30)	 0.2670299727520436
(7, 10, 23, 30, 42)	 0.20055710306406685
(3, 5, 14, 16, 25)	 0.16064257028112452
(2, 7, 28)	 0.17142857142857143
(5, 8, 10, 12, 14)	 0.11140583554376658
(9, 18, 31, 32)	 0.25278810408921937
(2, 4, 10, 13, 14)	 0.12698412698412698
(2, 21, 23, 39)	 0.26785714285714285
(1, 6, 9, 15)	 0.15217391304347824
(4, 9)	 0.10989010989010989
(10, 11, 13)	 0.18433179723502302
(1, 7)	 0.11940298507462686
(1, 9, 11)	 0.21395348837209302
(1, 13)	 0.15384615384615383
(2, 3, 13, 15)	 0.15819209039548024
(1, 3, 6, 27)	 0.23668639053254437
(1, 4, 18)	 0.28220858895705525
(3, 6, 13)	 0.16597510373443983
(1, 2, 8, 14, 29)	 0.21476510067114096
(7, 17, 21)	 0.17283950617283952
(3, 26, 28, 33)	 0.11764705882352941
(0, 1, 4, 12, 19)	 0.20297029702970296
(1, 2, 5, 10)	 0.14179104477611942
(12, 50, 51, 63)	 0.3865030674846626
(10, 36, 40)	 0.26337448559670784
(3, 5, 6, 16, 20)	 0.20228384991843396
(35, 44, 67)	 0.24784853700516352
(2, 6, 37, 41)	 0.20276497695852536
(3, 12, 31, 32)	 0.29198473282442744
(5, 7, 8, 23, 24)	 0.4290220820189274
(1, 3, 4, 6, 8)	 0.2028985507246377
(1, 2, 5, 7, 12)	 0.20512820512820512
(6, 14, 15, 28)	 0.37533512064343166
(6, 39, 53)	 0.20408163265306123
(0, 5, 13, 17, 25)	 0.19791666666666669
(1, 2)	 0.1566265060240964
(3, 9, 19, 20)	 0.1725067385444744
(9, 14)	 0.14975845410628016
(1, 2, 8, 11, 16)	 0.2038216560509554
(1, 5, 6, 13)	 0.31496062992125984
(20, 29, 30, 31, 33)	 0.17167381974248927
(4, 5, 12, 16, 19)	 0.1846153846153846
(56, 85, 95)	 0.25671641791044775
(0, 5, 6, 7)	 0.2711864406779661
(1, 2, 7, 13, 14)	 0.2885572139303483
(4, 10, 18, 41)	 0.1357142857142857
(1, 7, 41, 44)	 0.2262996941896024
(1, 3, 25, 26)	 0.26200873362445415
(2, 6, 7, 28)	 0.25641025641025644
(4, 5, 8, 11, 12)	 0.2
(1, 7, 13, 16, 27)	 0.18750000000000003
(4, 5, 16, 20, 21)	 0.13934426229508198
(4, 6, 7)	 0.09554140127388537
(25, 31, 39, 40)	 0.4229074889867841
(9, 21, 22, 27, 28)	 0.23026315789473684
(1, 3, 4, 5)	 0.23076923076923075
(3, 6, 13)	 0.14285714285714285
(1, 27, 31, 34)	 0.2080536912751678
(14,)	 0.3142857142857142
(1, 8, 10, 11)	 0.20576131687242796
(8, 17, 22, 23)	 0.22691292875989447
(4, 6, 10, 12, 22)	 0.23
(1, 56, 82)	 0.20168067226890754
(17, 47, 48)	 0.0909090909090909
(12, 45, 51)	 0.16452442159383032
(1, 24, 36)	 0.2995169082125604
(13, 21, 33)	 0.19700214132762311
(4, 39, 43, 47)	 0.15942028985507245
(5, 13, 31, 40)	 0.11842105263157895
(1, 13)	 0.28181818181818186
(5, 23, 28)	 0.3939393939393939
(34, 54, 56)	 0.46875
(1, 8, 9, 11)	 0.12068965517241378
(11, 12, 28, 32)	 0.21105527638190952
(1, 29, 37, 59)	 0.21333333333333335
(1, 3, 4, 16, 22)	 0.20740740740740737
(7, 8, 13, 15, 24)	 0.2847457627118644
(3, 5, 6, 14, 15)	 0.30392156862745096
(2, 12, 16, 18, 24)	 0.36363636363636365
(3, 8, 11, 40)	 0.16294349540078845
(9, 12, 18, 19, 20)	 0.1920374707259953
(5, 6, 14, 16, 18)	 0.22045152722443562
(2, 4, 5, 7, 12)	 0.2822384428223844
(2, 6, 26)	 0.24256837098692036
(1, 3, 16, 20)	 0.2602739726027397
(1, 2, 6, 11, 12)	 0.12173913043478261
(11, 12, 21, 28)	 0.1263157894736842
(6, 11, 15, 32)	 0.19742489270386265
(2, 3, 14, 21, 30)	 0.28152492668621704
(10, 13, 17)	 0.12612612612612611
(3, 4, 8)	 0.15702479338842976
(1, 4, 19)	 0.2151394422310757
(18, 25, 26, 27)	 0.3490566037735849
(24, 61, 76)	 0.24590163934426232
(8, 15, 22, 35)	 0.37037037037037035
(0, 3)	 0.10600706713780918
(1, 3, 27, 46)	 0.175609756097561
(3, 6)	 0.11764705882352941
(2, 3, 8)	 0.12987012987012986
(4, 10, 39, 42)	 0.11152416356877325
(1, 2, 12, 20)	 0.26229508196721313
(2, 13, 16, 33)	 0.20963172804532582
(2, 17, 26, 42)	 0.17125382262996938
(1, 5, 11, 14, 22)	 0.17263843648208468
(1, 5, 11, 22, 31)	 0.18699186991869918
(1, 5, 10)	 0.14285714285714285
(5, 12, 17, 18, 19)	 0.433587786259542
(0, 7, 12, 13, 14)	 0.4467713787085515
(1, 5, 15, 18)	 0.24205378973105138
(7, 20, 92)	 0.16083254493850518
(7, 8, 13, 16, 20)	 0.24665676077265974
(8, 9, 13, 17, 34)	 0.1875
(49, 59, 60)	 0.43924700513405596
(14, 22, 24, 30)	 0.38202247191011235
(2, 3, 9)	 0.21229050279329612
(2, 3, 5, 23)	 0.14700854700854699
(9, 36, 64)	 0.27259259259259255
(9, 15, 16, 17, 18)	 0.49038461538461536
(18, 44)	 0.5324675324675325
(1, 11, 13)	 0.3425925925925926
(1, 9, 29, 41)	 0.1646746347941567
(1, 10, 28)	 0.11811023622047244
(5, 6, 37)	 0.17547568710359407
(1, 13, 18)	 0.07198748043818466
(1, 2, 9, 10, 12)	 0.38441558441558443
(13, 14, 15, 38)	 0.3277777777777778
(5, 10, 13, 26, 30)	 0.26291079812206575
(1, 12, 24, 37)	 0.2844311377245509
(6, 12, 41, 42)	 0.18315018315018317
(4, 10, 13)	 0.26373626373626374
(2, 3, 7, 21, 22)	 0.3045267489711935
(2, 15)	 0.11188811188811187
(1, 17, 22, 26, 27)	 0.356020942408377
(6, 14, 15, 19, 23)	 0.32917705735660846
(4, 5, 9, 12, 14)	 0.22900763358778628
(12, 13, 15, 17, 22)	 0.3233256351039261
(1, 4, 7)	 0.26363636363636367
(9, 13, 14, 15, 16)	 0.31232876712328766
(1, 4, 11, 20, 22)	 0.2989010989010989
(6, 24, 32, 37)	 0.18348623853211007
(5, 11, 12, 21, 22)	 0.25157232704402516
(6, 7, 8)	 0.34567901234567905
(4, 21, 25, 28)	 0.30656934306569344
(2, 6, 18, 19, 20)	 0.30578512396694213
(13, 22, 28, 30, 33)	 0.2600985221674877
(7, 8, 13, 15, 19)	 0.2568807339449541
(28, 33, 44)	 0.3507588532883642
(4, 8, 9, 20)	 0.25205479452054796
(3, 6, 13, 26, 28)	 0.23948220064724918
(4, 7, 20)	 0.25850340136054417
(1, 2, 3, 8, 18)	 0.3246217331499312
(7, 8, 9, 11, 14)	 0.24817518248175185
(8, 31, 37, 38)	 0.17747440273037546
(2, 13, 21)	 0.174496644295302
(24, 41, 47)	 0.21722846441947563
(5, 12, 15, 23)	 0.1940298507462687
(5, 7, 10, 11, 12)	 0.1651376146788991
(1, 3, 5, 17)	 0.1995841995841996
(2, 10, 41)	 0.19746835443037972
(1, 12, 13, 31)	 0.25114155251141557
(4, 6)	 0.30841121495327106
(1, 8, 14)	 0.3655172413793103
(2, 10, 23, 25)	 0.2774327122153209
(1, 12)	 0.4
(1, 7, 8, 9, 18)	 0.1607565011820331
(3, 5, 10, 20)	 0.2546816479400749
(4, 10, 30, 39)	 0.13774104683195593
(1, 4, 12)	 0.35416666666666663
(1, 2, 13, 14)	 0.32124352331606215
(7,)	 0.367713004484305
(3, 39, 61)	 0.15632183908045977
(1, 11, 17, 24, 37)	 0.24355971896955503
(12, 13)	 0.38961038961038963
(12, 30, 32, 36)	 0.12135922330097086
(10, 21, 32)	 0.30849220103986136
(1, 5, 21, 22, 25)	 0.211340206185567
(2, 5, 18, 20)	 0.30604982206405695
(3, 6, 58)	 0.17798594847775176
(3, 5, 9, 13, 15)	 0.31288343558282206
(1, 7, 8, 22, 23)	 0.46511627906976744
(14, 18)	 0.2716049382716049
(1, 12, 20, 22, 25)	 0.24418604651162792
(1, 2)	 0.14388489208633096
(5, 11, 20, 24, 31)	 0.1712846347607053
(2, 3, 5, 8, 11)	 0.3577235772357724
(8, 13, 19, 20)	 0.35398230088495575
(1, 2, 9, 12, 17)	 0.16194331983805668
(2, 10, 15, 19, 21)	 0.255125284738041
(1, 3, 53)	 0.11630558722919043
(4, 7, 14)	 0.15348837209302324
(3, 9, 10, 17)	 0.38125000000000003
(7, 12, 20, 23, 26)	 0.38990825688073394
(2, 4, 15, 19, 21)	 0.1673003802281369
(1, 6, 10, 16)	 0.3313253012048193
(3, 5, 6, 9, 11)	 0.12568306010928962
(7, 11, 13, 16, 24)	 0.22147651006711408
(1, 3, 12)	 0.18487394957983194
(2, 11, 12, 18, 26)	 0.2825174825174825
(2, 9, 15, 18, 29)	 0.2988047808764941
(1, 2, 3, 6)	 0.16317016317016317
(1, 2, 27, 37)	 0.2534246575342466
(1, 2, 6, 30, 31)	 0.5373961218836565
(2, 5, 12, 13, 18)	 0.4513457556935818
(15, 18, 44)	 0.16797312430011196
(1, 5, 14)	 0.5019305019305019
(1, 2, 3, 22, 28)	 0.31775700934579443
(8, 9, 11, 13, 17)	 0.3148148148148148
(1, 2, 3, 6, 7)	 0.18324607329842932
(2, 3, 4, 7, 8)	 0.2448979591836735
(9, 11, 13, 21, 25)	 0.2436781609195402
(1, 24, 47)	 0.19025522041763343
(2, 4, 6, 8, 11)	 0.1986301369863014
(2, 6)	 0.3123425692695214
(14, 15, 16, 20)	 0.22021660649819497
(1, 22, 24)	 0.4880636604774536
(1, 5, 6, 9, 10)	 0.1851851851851852
(1, 3, 6)	 0.2758620689655173
(7, 8, 23, 26, 31)	 0.4966666666666667
(1, 6, 8, 10, 11)	 0.29739776951672864
(6, 8, 9, 11, 12)	 0.5286343612334802
(1, 7, 13, 20, 24)	 0.26499999999999996
(1, 6, 7, 12)	 0.22131147540983606
(1, 8, 9, 23, 33)	 0.3014354066985646
(4, 7, 8, 13, 25)	 0.3004694835680751
(27, 35, 41, 45)	 0.18148148148148147
(1, 5, 7, 9, 10)	 0.20365535248041775
(1, 7, 8, 9)	 0.2996515679442509
(2, 11, 14, 21, 28)	 0.19999999999999998
(2, 3, 7, 14, 17)	 0.2831050228310502
(1, 30, 41)	 0.15571776155717762
(1, 7, 10, 14, 18)	 0.2637954239569314
(7, 13, 26, 30)	 0.18126888217522655
(25, 28, 30, 36)	 0.2857142857142857
(1, 5, 6)	 0.2265625
(15, 17, 25, 31)	 0.18933623503808486
(4, 8, 27, 30)	 0.19365079365079366
(4, 9, 18)	 0.14525139664804468
(8, 48, 72)	 0.26302729528535984
(7, 9, 12)	 0.13617021276595745
(32, 45, 57)	 0.24302430243024306
(1, 11, 17, 21)	 0.23529411764705882
(0, 4, 17)	 0.1514476614699332
(4, 5, 17, 18, 26)	 0.17733990147783252
(2, 15, 18, 19, 32)	 0.3894230769230769
(1, 2, 5, 11)	 0.22695035460992907
(2, 3, 6, 12, 23)	 0.2058823529411765
(5, 7, 49)	 0.1771144278606965
(0, 1, 6, 13, 14)	 0.15977961432506887
(8, 21, 33)	 0.17327459618208518
(14, 15, 20)	 0.4293785310734463
(37, 69, 71)	 0.19556714471968709
(1, 10, 11, 17, 18)	 0.3679417122040073
(6, 10, 15)	 0.30033003300330036
(1, 6, 8, 9, 19)	 0.18852459016393444
(12, 13, 14, 16, 43)	 0.25934065934065936
(8, 11, 13, 16, 18)	 0.2803418803418803
(4, 7, 12)	 0.46385542168674704
(8, 26, 59)	 0.14035087719298245
(2, 8, 49)	 0.23103057757644396
(0, 3)	 0.13953488372093023
(0, 5, 13, 14, 15)	 0.14314115308151093
(1, 3, 17, 18, 20)	 0.18237082066869298
(17, 18, 30, 31)	 0.4488188976377953
(5, 9, 10, 19, 27)	 0.2702702702702703
(4, 42, 58)	 0.26584867075664625
(17, 23, 26, 43)	 0.22657952069716775
(2, 3, 11, 12, 16)	 0.23027718550106607
(0, 1, 2)	 0.33212996389891697
(1,)	 0.34782608695652173
(1, 8, 16, 23, 28)	 0.14861995753715498
(2, 6, 7)	 0.12274368231046934
(6, 29, 39, 40)	 0.18167701863354035
(24, 34, 42, 53)	 0.18461538461538463
(4, 5, 29, 32)	 0.1541950113378685
(10, 14)	 0.3835616438356165
(1, 10, 14)	 0.15458937198067632
(4, 7)	 0.17621145374449337
(3, 6, 18)	 0.1829268292682927
(1, 12)	 0.17094017094017094
(3, 12, 22, 24)	 0.2540983606557377
(3, 4, 15, 36)	 0.25217391304347825
(33, 51, 53, 54)	 0.21052631578947367
(4, 8, 9, 11)	 0.20915032679738563
(2, 3, 5, 9, 13)	 0.18052256532066507
(1,)	 0.3253588516746412
(2, 12, 17)	 0.21951219512195122
(2, 30, 53)	 0.1985940246045694
(5, 9, 10, 15, 23)	 0.13953488372093023
(5, 7, 27, 30)	 0.20023557126030628
(2, 9, 10, 12, 23)	 0.27368421052631575
(12, 13, 16, 20)	 0.10196078431372549
(4, 6, 17, 20, 25)	 0.1784675072744908
(4, 36, 42)	 0.20645161290322583
(1, 18, 33)	 0.23312883435582818
(2, 4, 5, 8, 18)	 0.32835820895522383
(9, 12, 15, 18, 20)	 0.20930232558139536
(1, 25, 29, 33)	 0.4600484261501211
(44, 53, 60)	 0.12086330935251799
(7, 23, 24)	 0.41897233201581024
(11, 14, 20, 21)	 0.3636363636363636
(1, 10, 11, 24)	 0.25257731958762886
(12, 13, 18, 19)	 0.3848684210526316
(1, 20, 44)	 0.22959183673469388
(9, 10, 13, 17)	 0.5430809399477806
(1, 6, 8, 9, 12)	 0.16883116883116886
(3, 7, 11, 13, 15)	 0.24669603524229075
(1, 68, 69)	 0.21893491124260356
(1, 2, 15, 18, 23)	 0.26139817629179335
(34, 35, 82)	 0.2561576354679803
(1, 2, 4, 10, 13)	 0.2602739726027397
(2, 3, 4, 11, 13)	 0.25986078886310904
(1, 2, 5, 12, 18)	 0.2575107296137339
(1, 2, 6)	 0.23809523809523808
(32, 41, 46)	 0.3247058823529412
(3, 7, 9)	 0.23890784982935154
(2, 3, 5, 8, 9)	 0.26031746031746034
(1, 6, 14, 26)	 0.29302987197724045
(12, 13, 15, 16, 18)	 0.18994413407821228
(2, 27, 28, 33)	 0.37516869095816463
(10, 14, 26, 38)	 0.23492063492063492
(6, 8, 17, 24, 25)	 0.22435897435897437
(1, 4, 9, 10, 15)	 0.19871794871794868
(13, 24, 38, 44)	 0.24223602484472048
(3, 8, 12, 20, 21)	 0.3333333333333333
(3, 11, 24)	 0.19031719532554256
(7, 15, 18, 19)	 0.4955357142857142
(1, 3, 4, 13)	 0.21
(1, 9, 12, 14, 24)	 0.23122765196662695
(7, 8, 9)	 0.3249097472924188
(8, 14, 17)	 0.3333333333333334
(1, 2, 16, 20, 30)	 0.26548672566371684
(1, 4, 8, 17, 21)	 0.39240506329113917
(33, 40, 41, 48)	 0.3772819472616633
(0, 3, 12, 22, 25)	 0.270935960591133
(2, 4, 12, 21)	 0.32842582106455265
(7, 8, 12, 14, 15)	 0.2525597269624574
(6, 25, 34, 40)	 0.20130718954248364
(1, 3, 5, 7, 8)	 0.34951456310679613
(23, 39, 40, 43)	 0.3684210526315789
(3, 5, 10, 33)	 0.2567049808429119
(22, 28, 65)	 0.15497076023391812
(2, 12, 16, 20)	 0.3240418118466899
(17, 33, 39)	 0.2318840579710145
(3, 7, 12)	 0.4210526315789474
(8, 12, 18, 20)	 0.24046920821114368
(1, 4, 9, 16, 21)	 0.277136258660508
(8, 9, 15, 16, 17)	 0.2712933753943218
(10, 25, 29, 34)	 0.3741258741258741
(5, 10, 17)	 0.26143790849673204
(1, 4, 10, 12, 18)	 0.36065573770491804
(6, 10, 17)	 0.32745591939546603
(4, 6, 30, 40)	 0.24307692307692308
(1, 3, 4, 6, 7)	 0.2369077306733167
(1, 12, 13, 21, 23)	 0.3994601889338732
(3, 36, 59)	 0.24920127795527158
(1, 2, 5, 8, 15)	 0.19075144508670522
(5, 10, 16, 17, 21)	 0.30434782608695654
(1, 5, 18, 19, 23)	 0.23026315789473684
(3, 16, 21, 25)	 0.28520499108734404
(20, 29, 30, 38)	 0.2673031026252983
(22, 24, 30, 36)	 0.48632218844984804
(1, 7, 13)	 0.2958199356913183
(3, 6, 14, 17, 26)	 0.27034482758620687
(6, 13, 16, 22, 23)	 0.23846153846153847
(4, 15, 24, 44)	 0.525730180806676
(4, 10, 17, 18)	 0.4259259259259259
(10, 20, 53)	 0.15204678362573099
(5, 8, 9, 10, 12)	 0.1532567049808429
(1, 2, 5, 22, 24)	 0.3123877917414722
(16, 18, 25, 27)	 0.21984732824427483
(3, 10, 11, 12, 14)	 0.1987179487179487
(1, 3, 16, 17, 18)	 0.3972366148531951
(5, 63, 66)	 0.3192771084337349
(1, 12, 18, 19, 23)	 0.4090909090909091
(3, 6, 13, 16, 22)	 0.3434343434343435
(4, 6, 7, 9, 22)	 0.1866666666666667
(4, 5, 7, 13, 19)	 0.2450980392156863
(1, 2, 5, 16, 21)	 0.22540983606557377
(1, 2, 5, 18, 25)	 0.40465116279069774
(8, 9, 18, 32, 33)	 0.2061281337047354
(1, 9, 18, 20)	 0.5395095367847412
(2, 11, 20, 22, 29)	 0.18927444794952678
(1, 13, 15, 18)	 0.19302949061662195
(14, 19, 41, 42)	 0.19078947368421054
(1, 16, 25, 34)	 0.4930417495029821
(43, 59, 74)	 0.20447284345047925
(2, 5, 12, 15, 16)	 0.27299703264094954
(1, 8, 12, 37)	 0.2946175637393768
(15, 16, 17, 38)	 0.22589531680440772
(0, 2, 6, 8)	 0.2144638403990025
(1, 13, 15, 39)	 0.24542124542124544
(14, 21, 50, 58)	 0.20671140939597318
(1, 3, 4, 14)	 0.2105263157894737
(0, 3, 4, 12, 14)	 0.48648648648648646
(3, 4, 5, 17, 19)	 0.34519572953736655
(1, 2, 3, 10, 24)	 0.24605678233438488
(1, 2, 7, 9, 12)	 0.22641509433962265
(28, 29)	 0.32231404958677684
(3, 4, 5, 6, 8)	 0.3949930458970793
(13, 15, 36, 41)	 0.16707616707616707
(3, 14, 21, 26, 33)	 0.1570680628272251
(1, 11, 15, 28, 29)	 0.21305841924398625
(44, 58, 59)	 0.4581196581196581
(1, 4, 7, 35)	 0.23389021479713604
(20, 36, 38, 39)	 0.2545454545454545
(1, 2, 3, 41)	 0.2030075187969925
(16, 21, 35)	 0.22413793103448276
(6, 9, 10)	 0.30303030303030304
(1, 3, 8, 14, 17)	 0.2342342342342342
(1, 3, 8, 11, 15)	 0.28852459016393445
(9, 10)	 0.4460431654676259
(3, 4, 7, 34)	 0.5678571428571428
(1, 2, 3)	 0.18627450980392157
(7, 30, 35, 40)	 0.14606741573033707
(3, 6, 7, 18, 27)	 0.4675324675324675
(16, 17, 20, 21)	 0.38974358974358975
(2, 3, 12, 14, 15)	 0.5546995377503852
(2, 4, 5)	 0.4581497797356828
(2, 5, 19, 21, 26)	 0.37462235649546827
(6, 10, 12, 16)	 0.22356495468277948
(49, 50, 52)	 0.48148148148148145
(36, 37, 45, 48)	 0.3880597014925373
(1, 5, 20)	 0.10526315789473684
(3, 13, 58)	 0.16842105263157894
(34,)	 0.489247311827957
(12, 18, 19, 20)	 0.6297229219143577
(2, 3, 13, 14)	 0.23896103896103896
(6, 16, 35, 39)	 0.23173803526448364
(42, 44, 62)	 0.37423312883435583
(46,)	 0.6737967914438503
(21, 22, 23)	 0.49038461538461536
(25,)	 0.43220338983050843
(3, 7, 17, 18)	 0.3648648648648648
(8,)	 0.31404958677685946
(1, 10, 13, 14)	 0.3228699551569507
(0, 2, 3)	 0.4248210023866349
(4, 11, 14)	 0.2149122807017544
(3, 6, 23)	 0.3675675675675676
(16, 26, 32, 44)	 0.3680555555555555
(1, 5, 46)	 0.2012448132780083
(4, 5, 19)	 0.19736842105263158
(16,)	 0.6140350877192983
(2, 4, 19, 22, 23)	 0.35883905013192613
(6,)	 0.23225806451612901
(8, 11, 18, 20)	 0.225
(1, 2, 6, 19)	 0.24523160762942775
(3, 6, 13, 16)	 0.31125827814569534
(4, 18, 28)	 0.17623497997329773
(0, 9, 26)	 0.12850467289719625
(1, 2, 5, 6, 9)	 0.2507462686567164
(0, 22, 39)	 0.18725099601593628
(3, 7, 9, 28, 33)	 0.20025348542458807
(26, 40, 43)	 0.09803921568627452
(4, 7, 18)	 0.14727540500736377
(3, 4, 10, 31)	 0.16833667334669336
(1, 2, 5, 22, 30)	 0.1855203619909502
(4, 5, 7, 19, 26)	 0.205761316872428
(7, 32, 68)	 0.1818181818181818
(1, 9, 22)	 0.20273972602739726
(8, 21, 53)	 0.15480649188514356
(3, 30, 58)	 0.16022099447513813
(18, 21, 28, 29)	 0.2396694214876033
(15, 18, 37, 39)	 0.17033773861967696
(5, 13, 26)	 0.14052287581699346
(32, 51, 55)	 0.14985590778097982
(0, 6, 13, 15, 16)	 0.5705426356589147
(2, 4, 7, 13, 17)	 0.14598540145985403
(3, 11, 20, 35)	 0.17607223476297967
(81, 101, 103)	 0.1944990176817289
(8, 23, 30)	 0.08964451313755796
(22, 42, 49)	 0.14248479582971327
(0, 4, 11)	 0.3285106382978723
(2, 3, 10, 52)	 0.1712439418416801
(1, 5, 11, 13, 14)	 0.18978102189781024
(2, 29, 43)	 0.1315468940316687
(2, 21, 22)	 0.25512528473804097
(1, 3, 7, 15, 21)	 0.140625
(1, 13, 17, 25, 26)	 0.19638242894056845
(34, 47, 50)	 0.22684310018903595
(2, 13, 62)	 0.48184019370460046
(4, 5, 8, 16, 19)	 0.268
(1, 5, 6, 20)	 0.2378854625550661
(2, 31, 58)	 0.14814814814814817
(15,)	 0.46222222222222226
(23, 25, 32, 34)	 0.15692821368948245
(4, 9, 10, 16)	 0.2185430463576159
(6, 23, 34, 38)	 0.22408963585434175
(1, 15, 20, 26)	 0.18461538461538463
(8, 10, 57)	 0.1851851851851852
(2, 3, 9, 11, 17)	 0.1984732824427481
(0, 3, 4, 6, 12)	 0.21651376146788992
(0, 1, 3, 28, 29)	 0.2632696390658174
(55, 57, 58)	 0.11163670766319773
(37, 41, 53)	 0.26098191214470284
(2, 7, 11, 13, 18)	 0.20938628158844763
(1, 51, 56)	 0.22099447513812154
(1, 3, 4, 6, 19)	 0.2482758620689655
(2, 10, 12, 25)	 0.20276497695852536
(9, 18, 28)	 0.2585034013605442
(1, 5, 6, 8, 29)	 0.29007633587786263
(1, 2, 3, 7, 8)	 0.24641833810888253
(13, 72, 74)	 0.20987654320987653
(7, 10, 11, 16, 22)	 0.19756838905775076
(4, 36, 45)	 0.12
(1, 3, 5, 8, 11)	 0.16580310880829016
(14, 15)	 0.24096385542168675
(25, 35)	 0.4682926829268293
(11, 13, 17)	 0.216
(8, 22)	 0.5112107623318385
(4, 5, 7, 9)	 0.2038834951456311
(13, 14, 16, 17)	 0.5353535353535352
(1, 2, 4, 8, 15)	 0.2055137844611529
(1, 2, 4, 6, 7)	 0.24074074074074073
(26, 35, 39, 43)	 0.25446428571428575
(4, 5, 6, 7)	 0.11453744493392069
(3, 6, 10, 24)	 0.29590488771466317
(15, 16, 72)	 0.08307372793354101
(0, 3, 5, 6, 8)	 0.19774011299435026
(2, 7, 11)	 0.2668428005284016
(1, 9, 12)	 0.1316793893129771
(1, 2, 7, 22, 23)	 0.2134146341463415
(1, 8, 9, 10, 11)	 0.5751295336787565
(17, 47, 55)	 0.4966216216216216
(9, 24, 36, 38)	 0.13050570962479607
(0, 1, 6, 12, 18)	 0.38375350140056025
(2, 6, 9, 10, 26)	 0.3559718969555035
(6, 8)	 0.6666666666666666
(1, 9, 11)	 0.4
(11, 20, 22, 26, 34)	 0.2762148337595909
(1, 6, 7, 8, 10)	 0.4124293785310734
(1, 3, 5, 12, 16)	 0.42152466367713004
(5, 12, 13, 25, 28)	 0.1596958174904943
(1, 3, 8, 12, 13)	 0.2754491017964072
(10, 11, 16, 28, 29)	 0.22362869198312232
(1, 3, 10)	 0.37988826815642457
(13, 26, 32)	 0.44315992292870904
(5, 11, 12, 16)	 0.3715846994535519
(2, 7, 13, 36)	 0.3794642857142857
(5, 6, 8, 13, 24)	 0.4144736842105263
(6, 7, 8, 17, 18)	 0.4163568773234201
(1, 2, 3, 17)	 0.22456140350877193
(1, 6, 7, 12, 22)	 0.3129770992366412
(1, 5, 6, 23, 28)	 0.18709677419354842
(18, 25, 31, 34, 40)	 0.24066390041493776
(0, 10, 15, 16)	 0.20785219399538105
(4, 7, 22, 23)	 0.43814432989690716
(10, 11, 12, 15, 18)	 0.6149584487534625
(2, 6, 7, 21, 33)	 0.30353430353430355
(6, 20, 23, 40)	 0.23684210526315788
(6, 8, 16, 19)	 0.38479809976247037
(31, 32)	 0.5392156862745098
(2, 3, 4, 6)	 0.18779342723004694
(1, 6, 7, 11, 18)	 0.21011673151750973
(29, 32, 39, 47)	 0.31040564373897706
(1, 3, 10, 18, 29)	 0.45751633986928103
(14, 16, 73)	 0.19480519480519481
(4, 7, 10, 18, 22)	 0.37619047619047613
(2, 3, 5, 11, 32)	 0.47960444993819534
(15, 25, 74)	 0.16666666666666666
(1, 5, 7, 9, 21)	 0.35897435897435903
(4, 6, 7, 9, 18)	 0.21359223300970875
